2530
5 2
8 2
1 3
4 3
6 3
7 3
9 3
1 4
6 4
7 4
9 4
10 4
12 4
8 5
11 5
1 6
7 6
9 6
10 6
12 6
9 7
10 7
12 7
13 7
15 7
1 7
11 8
14 8
10 9
12 9
13 9
15 9
1 9
12 10
13 10
15 10
16 10
18 10
14 11
17 11
13 12
15 12
16 12
18 12
15 13
16 13
18 13
19 13
21 13
17 14
20 14
16 15
18 15
19 15
21 15
18 16
19 16
21 16
22 16
24 16
20 17
23 17
19 18
21 18
22 18
24 18
21 19
22 19
24 19
25 19
27 19
23 20
26 20
22 21
24 21
25 21
27 21
24 22
25 22
27 22
28 22
30 22
26 23
29 23
25 24
27 24
28 24
30 24
27 25
28 25
30 25
31 25
33 25
29 26
32 26
28 27
30 27
31 27
33 27
30 28
31 28
33 28
34 28
36 28
32 29
35 29
31 30
33 30
34 30
36 30
33 31
34 31
36 31
37 31
39 31
35 32
38 32
34 33
36 33
37 33
39 33
36 34
37 34
39 34
40 34
42 34
38 35
41 35
37 36
39 36
40 36
42 36
39 37
40 37
42 37
43 37
45 37
41 38
44 38
40 39
42 39
43 39
45 39
42 40
43 40
45 40
46 40
48 40
44 41
47 41
43 42
45 42
46 42
48 42
45 43
46 43
48 43
49 43
51 43
47 44
50 44
46 45
48 45
49 45
51 45
48 46
49 46
51 46
52 46
54 46
50 47
53 47
49 48
51 48
52 48
54 48
51 49
52 49
54 49
55 49
57 49
53 50
56 50
52 51
54 51
55 51
57 51
54 52
55 52
57 52
58 52
60 52
56 53
59 53
55 54
57 54
58 54
60 54
57 55
58 55
60 55
61 55
63 55
59 56
62 56
58 57
60 57
61 57
63 57
60 58
61 58
63 58
64 58
66 58
62 59
65 59
61 60
63 60
64 60
66 60
63 61
64 61
66 61
67 61
69 61
65 62
68 62
64 63
66 63
67 63
69 63
66 64
67 64
69 64
70 64
72 64
68 65
71 65
67 66
69 66
70 66
72 66
69 67
70 67
72 67
73 67
75 67
71 68
74 68
70 69
72 69
73 69
75 69
72 70
73 70
75 70
76 70
78 70
74 71
77 71
73 72
75 72
76 72
78 72
75 73
76 73
78 73
79 73
81 73
77 74
80 74
76 75
78 75
79 75
81 75
78 76
79 76
81 76
82 76
84 76
80 77
83 77
79 78
81 78
82 78
84 78
81 79
82 79
84 79
85 79
87 79
83 80
86 80
82 81
84 81
85 81
87 81
84 82
85 82
87 82
88 82
90 82
86 83
89 83
85 84
87 84
88 84
90 84
87 85
88 85
90 85
91 85
93 85
89 86
92 86
88 87
90 87
91 87
93 87
90 88
91 88
93 88
94 88
96 88
92 89
95 89
91 90
93 90
94 90
96 90
93 91
94 91
96 91
97 91
99 91
95 92
98 92
94 93
96 93
97 93
99 93
96 94
97 94
99 94
100 94
102 94
98 95
101 95
97 96
99 96
100 96
102 96
99 97
100 97
102 97
103 97
105 97
101 98
104 98
100 99
102 99
103 99
105 99
102 100
103 100
105 100
106 100
108 100
104 101
107 101
103 102
105 102
106 102
108 102
105 103
106 103
108 103
109 103
111 103
107 104
110 104
106 105
108 105
109 105
111 105
108 106
109 106
111 106
110 106
112 106
113 106
114 106
115 106
116 106
117 106
110 107
109 107
111 107
112 107
113 107
114 107
116 107
117 107
109 108
111 108
110 108
112 108
113 108
114 108
115 108
116 108
117 108
115 109
121 109
110 109
111 109
112 109
113 109
114 109
116 109
117 109
118 109
119 109
120 109
111 110
112 110
113 110
114 110
116 110
117 110
122 110
123 110
118 110
119 110
120 110
115 110
112 111
113 111
114 111
116 111
117 111
118 111
119 111
120 111
115 111
122 111
123 111
113 112
114 112
118 112
119 112
120 112
124 112
125 112
126 112
116 112
117 112
115 112
114 113
118 113
119 113
120 113
124 113
125 113
126 113
116 113
117 113
115 113
118 114
119 114
120 114
116 114
117 114
124 114
125 114
126 114
115 114
121 115
127 115
117 116
122 116
123 116
128 116
129 116
122 117
123 117
128 117
129 117
119 118
120 118
124 118
125 118
126 118
130 118
131 118
132 118
120 119
124 119
125 119
126 119
130 119
131 119
132 119
124 120
125 120
126 120
130 120
131 120
132 120
127 121
133 121
123 122
128 122
129 122
134 122
135 122
128 123
129 123
134 123
135 123
125 124
126 124
130 124
131 124
132 124
136 124
137 124
138 124
126 125
130 125
131 125
132 125
136 125
137 125
138 125
130 126
131 126
132 126
136 126
137 126
138 126
133 127
139 127
129 128
134 128
135 128
140 128
141 128
134 129
135 129
140 129
141 129
131 130
132 130
136 130
137 130
138 130
142 130
143 130
144 130
132 131
136 131
137 131
138 131
142 131
143 131
144 131
136 132
137 132
138 132
142 132
143 132
144 132
139 133
145 133
135 134
140 134
141 134
146 134
147 134
140 135
141 135
146 135
147 135
137 136
138 136
142 136
143 136
144 136
148 136
149 136
150 136
138 137
142 137
143 137
144 137
148 137
149 137
150 137
142 138
143 138
144 138
148 138
149 138
150 138
145 139
146 139
147 139
151 139
153 139
154 139
155 139
156 139
141 140
146 140
147 140
145 140
152 140
154 140
155 140
156 140
151 140
153 140
145 141
146 141
147 141
151 141
153 141
154 141
155 141
156 141
152 141
143 142
144 142
148 142
149 142
150 142
157 142
158 142
159 142
144 143
148 143
149 143
150 143
157 143
158 143
159 143
148 144
149 144
150 144
157 144
158 144
159 144
146 145
147 145
151 145
153 145
154 145
155 145
156 145
160 145
162 145
163 145
164 145
165 145
152 145
147 146
152 146
154 146
155 146
156 146
151 146
153 146
161 146
163 146
164 146
165 146
152 147
154 147
155 147
156 147
151 147
153 147
160 147
162 147
163 147
164 147
165 147
149 148
150 148
157 148
158 148
159 148
166 148
167 148
168 148
150 149
157 149
158 149
159 149
166 149
167 149
168 149
157 150
158 150
159 150
166 150
167 150
168 150
153 151
160 151
162 151
169 151
171 151
154 151
155 151
156 151
161 152
154 152
155 152
156 152
170 152
160 153
162 153
154 153
155 153
156 153
169 153
171 153
155 154
156 154
163 154
164 154
165 154
172 154
173 154
174 154
156 155
163 155
164 155
165 155
172 155
173 155
174 155
163 156
164 156
165 156
172 156
173 156
174 156
158 157
159 157
166 157
167 157
168 157
175 157
176 157
177 157
159 158
166 158
167 158
168 158
175 158
176 158
177 158
166 159
167 159
168 159
175 159
176 159
177 159
162 160
169 160
171 160
178 160
180 160
170 161
179 161
169 162
171 162
178 162
180 162
164 163
165 163
172 163
173 163
174 163
181 163
182 163
183 163
165 164
172 164
173 164
174 164
181 164
182 164
183 164
172 165
173 165
174 165
181 165
182 165
183 165
167 166
168 166
175 166
176 166
177 166
184 166
185 166
186 166
168 167
175 167
176 167
177 167
184 167
185 167
186 167
175 168
176 168
177 168
184 168
185 168
186 168
171 169
178 169
180 169
187 169
189 169
179 170
188 170
178 171
180 171
187 171
189 171
173 172
174 172
181 172
182 172
183 172
190 172
191 172
192 172
174 173
181 173
182 173
183 173
190 173
191 173
192 173
181 174
182 174
183 174
190 174
191 174
192 174
176 175
177 175
184 175
185 175
186 175
193 175
194 175
195 175
196 175
197 175
198 175
177 176
184 176
185 176
186 176
193 176
194 176
195 176
197 176
198 176
196 176
184 177
185 177
186 177
193 177
194 177
195 177
196 177
197 177
198 177
180 178
187 178
189 178
199 178
201 178
188 179
200 179
187 180
189 180
199 180
201 180
182 181
183 181
190 181
191 181
192 181
202 181
203 181
204 181
183 182
190 182
191 182
192 182
202 182
203 182
204 182
190 183
191 183
192 183
202 183
203 183
204 183
185 184
186 184
193 184
194 184
195 184
196 184
197 184
198 184
205 184
206 184
207 184
208 184
186 185
193 185
194 185
195 185
196 185
197 185
198 185
205 185
206 185
207 185
209 185
210 185
193 186
194 186
195 186
197 186
198 186
209 186
210 186
196 186
205 186
206 186
207 186
189 187
199 187
201 187
211 187
213 187
200 188
212 188
199 189
201 189
211 189
213 189
191 190
192 190
202 190
203 190
204 190
214 190
215 190
216 190
192 191
202 191
203 191
204 191
214 191
215 191
216 191
202 192
203 192
204 192
214 192
215 192
216 192
194 193
195 193
205 193
206 193
207 193
217 193
218 193
219 193
196 193
197 193
198 193
195 194
205 194
206 194
207 194
217 194
218 194
219 194
197 194
198 194
196 194
205 195
206 195
207 195
197 195
198 195
217 195
218 195
219 195
196 195
208 196
210 196
220 196
222 196
223 196
198 197
209 197
210 197
221 197
224 197
225 197
208 197
220 197
222 197
208 198
209 198
210 198
220 198
222 198
224 198
225 198
221 198
201 199
211 199
213 199
226 199
228 199
212 200
227 200
211 201
213 201
226 201
228 201
203 202
204 202
214 202
215 202
216 202
229 202
230 202
231 202
204 203
214 203
215 203
216 203
229 203
230 203
231 203
214 204
215 204
216 204
229 204
230 204
231 204
206 205
207 205
217 205
218 205
219 205
232 205
233 205
234 205
207 206
217 206
218 206
219 206
232 206
233 206
234 206
217 207
218 207
219 207
232 207
233 207
234 207
209 208
210 208
220 208
222 208
224 208
225 208
223 208
235 208
237 208
238 208
210 209
224 209
225 209
236 209
239 209
240 209
223 209
235 209
237 209
221 209
220 209
222 209
220 210
222 210
223 210
224 210
225 210
236 210
239 210
240 210
221 210
235 210
237 210
213 211
226 211
228 211
241 211
243 211
227 212
242 212
226 213
228 213
241 213
243 213
215 214
216 214
229 214
230 214
231 214
244 214
245 214
246 214
216 215
229 215
230 215
231 215
244 215
245 215
246 215
229 216
230 216
231 216
244 216
245 216
246 216
218 217
219 217
232 217
233 217
234 217
247 217
248 217
249 217
219 218
232 218
233 218
234 218
247 218
248 218
249 218
232 219
233 219
234 219
247 219
248 219
249 219
222 220
223 220
224 220
225 220
224 221
225 221
223 222
224 222
225 222
225 223
235 223
237 223
238 223
224 223
239 223
240 223
250 223
225 224
239 224
240 224
251 224
252 224
236 224
235 224
237 224
235 225
237 225
238 225
239 225
240 225
236 225
251 225
252 225
228 226
241 226
243 226
253 226
255 226
242 227
254 227
241 228
243 228
253 228
255 228
230 229
231 229
244 229
245 229
246 229
256 229
257 229
258 229
231 230
244 230
245 230
246 230
256 230
257 230
258 230
244 231
245 231
246 231
256 231
257 231
258 231
233 232
234 232
247 232
248 232
249 232
259 232
260 232
261 232
234 233
247 233
248 233
249 233
259 233
260 233
261 233
247 234
248 234
249 234
259 234
260 234
261 234
237 235
238 235
239 235
240 235
239 236
240 236
238 237
239 237
240 237
250 238
262 238
240 239
251 239
252 239
263 239
264 239
252 240
263 240
264 240
251 240
243 241
253 241
255 241
265 241
267 241
254 242
266 242
253 243
255 243
265 243
267 243
245 244
246 244
256 244
257 244
258 244
268 244
269 244
270 244
246 245
256 245
257 245
258 245
268 245
269 245
270 245
256 246
257 246
258 246
268 246
269 246
270 246
248 247
249 247
259 247
260 247
261 247
271 247
272 247
273 247
249 248
259 248
260 248
261 248
271 248
272 248
273 248
259 249
260 249
261 249
271 249
272 249
273 249
262 250
274 250
263 251
264 251
252 251
275 251
276 251
263 252
264 252
275 252
276 252
255 253
265 253
267 253
277 253
279 253
266 254
278 254
265 255
267 255
277 255
279 255
257 256
258 256
268 256
269 256
270 256
280 256
281 256
282 256
283 256
284 256
285 256
258 257
268 257
269 257
270 257
280 257
281 257
282 257
283 257
284 257
285 257
268 258
269 258
270 258
280 258
281 258
282 258
283 258
284 258
285 258
260 259
261 259
271 259
272 259
273 259
286 259
287 259
288 259
261 260
271 260
272 260
273 260
286 260
287 260
288 260
271 261
272 261
273 261
286 261
287 261
288 261
274 262
276 262
289 262
291 262
292 262
264 263
275 263
276 263
290 263
293 263
294 263
274 263
289 263
291 263
275 264
276 264
290 264
293 264
294 264
274 264
289 264
291 264
267 265
277 265
279 265
295 265
297 265
278 266
296 266
277 267
279 267
295 267
297 267
269 268
270 268
280 268
281 268
282 268
298 268
299 268
300 268
283 268
292 268
284 268
285 268
270 269
280 269
281 269
282 269
284 269
285 269
298 269
299 269
300 269
283 269
293 269
294 269
280 270
281 270
282 270
284 270
285 270
298 270
299 270
300 270
293 270
294 270
283 270
272 271
273 271
286 271
287 271
288 271
301 271
302 271
303 271
273 272
286 272
287 272
288 272
301 272
302 272
303 272
286 273
287 273
288 273
301 273
302 273
303 273
276 274
289 274
291 274
292 274
275 274
293 274
294 274
283 274
304 274
306 274
290 275
276 275
284 275
285 275
293 275
294 275
305 275
292 275
304 275
306 275
289 275
291 275
289 276
291 276
293 276
294 276
292 276
284 276
285 276
305 276
290 276
304 276
306 276
279 277
295 277
297 277
307 277
309 277
296 278
308 278
295 279
297 279
307 279
309 279
281 280
282 280
298 280
299 280
300 280
310 280
311 280
312 280
284 280
285 280
283 280
282 281
283 281
298 281
299 281
300 281
284 281
285 281
310 281
311 281
312 281
298 282
299 282
300 282
310 282
311 282
312 282
283 282
284 282
285 282
292 283
294 283
304 283
306 283
285 284
293 284
294 284
305 284
292 284
304 284
306 284
292 285
293 285
294 285
304 285
306 285
305 285
287 286
288 286
301 286
302 286
303 286
313 286
314 286
315 286
288 287
301 287
302 287
303 287
313 287
314 287
315 287
301 288
302 288
303 288
313 288
314 288
315 288
291 289
293 289
294 289
292 289
293 290
294 290
293 291
294 291
292 291
293 292
294 292
304 292
306 292
294 293
305 293
304 293
306 293
304 294
306 294
305 294
297 295
307 295
309 295
316 295
318 295
308 296
317 296
307 297
309 297
316 297
318 297
299 298
300 298
310 298
311 298
312 298
319 298
320 298
321 298
300 299
310 299
311 299
312 299
319 299
320 299
321 299
310 300
311 300
312 300
319 300
320 300
321 300
302 301
303 301
313 301
314 301
315 301
322 301
323 301
324 301
303 302
313 302
314 302
315 302
322 302
323 302
324 302
313 303
314 303
315 303
322 303
323 303
324 303
306 304
309 307
316 307
318 307
325 307
327 307
317 308
326 308
316 309
318 309
325 309
327 309
311 310
312 310
319 310
320 310
321 310
328 310
329 310
330 310
312 311
319 311
320 311
321 311
328 311
329 311
330 311
319 312
320 312
321 312
328 312
329 312
330 312
314 313
315 313
322 313
323 313
324 313
331 313
332 313
333 313
315 314
322 314
323 314
324 314
331 314
332 314
333 314
322 315
323 315
324 315
331 315
332 315
333 315
318 316
325 316
327 316
334 316
336 316
326 317
335 317
325 318
327 318
334 318
336 318
320 319
321 319
328 319
329 319
330 319
337 319
338 319
339 319
321 320
328 320
329 320
330 320
337 320
338 320
339 320
328 321
329 321
330 321
337 321
338 321
339 321
323 322
324 322
331 322
332 322
333 322
340 322
341 322
342 322
324 323
331 323
332 323
333 323
340 323
341 323
342 323
331 324
332 324
333 324
340 324
341 324
342 324
327 325
334 325
336 325
343 325
345 325
335 326
344 326
334 327
336 327
343 327
345 327
329 328
330 328
337 328
338 328
339 328
346 328
347 328
348 328
330 329
337 329
338 329
339 329
346 329
347 329
348 329
337 330
338 330
339 330
346 330
347 330
348 330
332 331
333 331
340 331
341 331
342 331
349 331
350 331
351 331
333 332
340 332
341 332
342 332
349 332
350 332
351 332
340 333
341 333
342 333
349 333
350 333
351 333
336 334
343 334
345 334
352 334
354 334
344 335
353 335
343 336
345 336
352 336
354 336
338 337
339 337
346 337
347 337
348 337
355 337
356 337
357 337
339 338
346 338
347 338
348 338
355 338
356 338
357 338
346 339
347 339
348 339
355 339
356 339
357 339
341 340
342 340
349 340
350 340
351 340
358 340
359 340
360 340
342 341
349 341
350 341
351 341
358 341
359 341
360 341
349 342
350 342
351 342
358 342
359 342
360 342
345 343
352 343
354 343
361 343
363 343
353 344
362 344
352 345
354 345
361 345
363 345
347 346
348 346
355 346
356 346
357 346
364 346
365 346
366 346
348 347
355 347
356 347
357 347
364 347
365 347
366 347
355 348
356 348
357 348
364 348
365 348
366 348
350 349
351 349
358 349
359 349
360 349
367 349
368 349
369 349
351 350
358 350
359 350
360 350
367 350
368 350
369 350
358 351
359 351
360 351
367 351
368 351
369 351
354 352
361 352
363 352
370 352
372 352
362 353
371 353
361 354
363 354
370 354
372 354
356 355
357 355
364 355
365 355
366 355
373 355
374 355
375 355
357 356
364 356
365 356
366 356
373 356
374 356
375 356
364 357
365 357
366 357
373 357
374 357
375 357
359 358
360 358
367 358
368 358
369 358
376 358
377 358
378 358
360 359
367 359
368 359
369 359
376 359
377 359
378 359
367 360
368 360
369 360
376 360
377 360
378 360
363 361
370 361
372 361
379 361
381 361
371 362
380 362
370 363
372 363
379 363
381 363
365 364
366 364
373 364
374 364
375 364
382 364
383 364
384 364
366 365
373 365
374 365
375 365
382 365
383 365
384 365
373 366
374 366
375 366
382 366
383 366
384 366
368 367
369 367
376 367
377 367
378 367
385 367
386 367
387 367
369 368
376 368
377 368
378 368
385 368
386 368
387 368
376 369
377 369
378 369
385 369
386 369
387 369
372 370
379 370
381 370
388 370
390 370
380 371
389 371
379 372
381 372
388 372
390 372
374 373
375 373
382 373
383 373
384 373
391 373
392 373
393 373
375 374
382 374
383 374
384 374
391 374
392 374
393 374
382 375
383 375
384 375
391 375
392 375
393 375
377 376
378 376
385 376
386 376
387 376
394 376
395 376
396 376
378 377
385 377
386 377
387 377
394 377
395 377
396 377
385 378
386 378
387 378
394 378
395 378
396 378
381 379
388 379
390 379
397 379
399 379
389 380
398 380
388 381
390 381
397 381
399 381
383 382
384 382
391 382
392 382
393 382
400 382
401 382
402 382
384 383
391 383
392 383
393 383
400 383
401 383
402 383
391 384
392 384
393 384
400 384
401 384
402 384
386 385
387 385
394 385
395 385
396 385
403 385
387 386
394 386
395 386
396 386
403 386
394 387
395 387
396 387
403 387
390 388
397 388
399 388
404 388
406 388
398 389
405 389
397 390
399 390
404 390
406 390
392 391
393 391
400 391
401 391
402 391
407 391
408 391
409 391
393 392
400 392
401 392
402 392
407 392
408 392
409 392
400 393
401 393
402 393
407 393
408 393
409 393
395 394
396 394
403 394
410 394
413 394
396 395
403 395
410 395
413 395
403 396
410 396
413 396
399 397
404 397
406 397
416 397
418 397
405 398
417 398
404 399
406 399
416 399
418 399
401 400
402 400
407 400
408 400
409 400
419 400
420 400
421 400
402 401
407 401
408 401
409 401
419 401
420 401
421 401
407 402
408 402
409 402
419 402
420 402
421 402
410 403
413 403
422 403
406 404
416 404
418 404
425 404
427 404
417 405
426 405
416 406
418 406
425 406
427 406
408 407
409 407
419 407
420 407
421 407
428 407
429 407
430 407
409 408
419 408
420 408
421 408
428 408
429 408
430 408
419 409
420 409
421 409
428 409
429 409
430 409
413 410
412 411
422 413
431 413
415 414
423 414
424 414
432 414
433 414
423 415
424 415
432 415
433 415
418 416
425 416
427 416
434 416
436 416
426 417
435 417
425 418
427 418
434 418
436 418
420 419
421 419
428 419
429 419
430 419
437 419
438 419
439 419
421 420
428 420
429 420
430 420
437 420
438 420
439 420
428 421
429 421
430 421
437 421
438 421
439 421
431 422
440 422
424 423
432 423
433 423
441 423
442 423
432 424
433 424
441 424
442 424
427 425
434 425
436 425
443 425
445 425
435 426
444 426
434 427
436 427
443 427
445 427
429 428
430 428
437 428
438 428
439 428
446 428
447 428
448 428
430 429
437 429
438 429
439 429
446 429
447 429
448 429
437 430
438 430
439 430
446 430
447 430
448 430
440 431
449 431
433 432
442 432
450 432
451 432
441 432
441 433
442 433
450 433
451 433
436 434
443 434
445 434
452 434
454 434
444 435
453 435
443 436
445 436
452 436
454 436
438 437
439 437
446 437
447 437
448 437
455 437
456 437
457 437
439 438
446 438
447 438
448 438
455 438
456 438
457 438
446 439
447 439
448 439
455 439
456 439
457 439
449 440
458 440
450 441
451 441
442 441
459 441
460 441
450 442
451 442
459 442
460 442
445 443
452 443
454 443
461 443
463 443
453 444
462 444
452 445
454 445
461 445
463 445
447 446
448 446
455 446
456 446
457 446
464 446
448 447
455 447
456 447
457 447
464 447
455 448
456 448
457 448
464 448
458 449
465 449
451 450
459 450
460 450
466 450
467 450
459 451
460 451
466 451
467 451
454 452
461 452
463 452
468 452
470 452
462 453
469 453
461 454
463 454
468 454
470 454
456 455
457 455
464 455
465 455
471 455
457 456
464 456
465 456
471 456
464 457
465 457
471 457
465 458
464 458
460 459
466 459
467 459
466 460
467 460
463 461
468 461
470 461
474 461
476 461
469 462
475 462
468 463
470 463
474 463
476 463
465 464
471 464
471 465
467 466
470 468
474 468
476 468
477 468
479 468
475 469
478 469
474 470
476 470
477 470
479 470
473 472
476 474
477 474
479 474
480 474
482 474
478 475
481 475
477 476
479 476
480 476
482 476
479 477
480 477
482 477
483 477
485 477
481 478
484 478
480 479
482 479
483 479
485 479
482 480
483 480
485 480
484 481
483 482
485 482
485 483
