7661
3 2
9 2
14 2
60 2
62 2
94 2
95 2
97 2
114 2
4 2
5 2
7 2
15 2
61 2
63 2
64 2
65 2
77 2
113 2
115 2
116 2
117 2
13 2
21 2
25 2
26 2
67 2
68 2
70 2
98 2
100 2
102 2
103 2
105 2
106 2
1 2
43 2
96 2
99 2
4 3
5 3
7 3
9 3
14 3
15 3
60 3
61 3
62 3
63 3
64 3
65 3
77 3
94 3
95 3
113 3
114 3
115 3
116 3
117 3
6 3
10 3
16 3
17 3
44 3
78 3
79 3
80 3
81 3
82 3
240 3
243 3
244 3
245 3
268 3
1 3
8 3
12 3
19 3
43 3
45 3
46 3
47 3
48 3
96 3
97 3
13 3
21 3
25 3
26 3
67 3
68 3
70 3
98 3
100 3
102 3
103 3
105 3
106 3
22 3
27 3
66 3
69 3
71 3
99 3
134 3
237 3
5 4
10 4
15 4
16 4
26 4
61 4
63 4
64 4
66 4
77 4
79 4
113 4
134 4
237 4
17 4
22 4
27 4
28 4
69 4
80 4
82 4
84 4
85 4
87 4
14 4
21 4
25 4
32 4
37 4
38 4
65 4
67 4
68 4
70 4
71 4
72 4
73 4
74 4
75 4
105 4
106 4
118 4
119 4
120 4
123 4
124 4
126 4
62 4
7 4
115 4
116 4
39 4
76 4
129 4
133 4
135 4
140 4
145 4
146 4
156 4
177 4
178 4
180 4
182 4
183 4
185 4
191 4
194 4
196 4
223 4
238 4
239 4
6 4
44 4
78 4
81 4
240 4
243 4
244 4
245 4
268 4
9 4
60 4
94 4
95 4
114 4
117 4
6 5
7 5
10 5
16 5
17 5
44 5
61 5
77 5
78 5
79 5
80 5
81 5
82 5
113 5
115 5
116 5
240 5
243 5
244 5
245 5
268 5
19 5
46 5
47 5
15 5
63 5
64 5
11 5
18 5
83 5
28 5
84 5
85 5
95 5
114 5
117 5
246 5
247 5
248 5
249 5
250 5
251 5
135 5
158 5
241 5
242 5
252 5
253 5
254 5
255 5
256 5
257 5
258 5
259 5
260 5
261 5
262 5
263 5
264 5
265 5
266 5
267 5
49 5
1 5
8 5
12 5
43 5
45 5
48 5
96 5
66 5
9 5
14 5
60 5
62 5
65 5
94 5
22 5
27 5
69 5
87 5
26 5
134 5
237 5
23 5
29 5
86 5
88 5
7 6
11 6
17 6
18 6
19 6
44 6
46 6
47 6
49 6
78 6
80 6
81 6
83 6
116 6
23 6
29 6
52 6
16 6
79 6
82 6
86 6
113 6
115 6
1 6
8 6
12 6
43 6
45 6
48 6
95 6
96 6
114 6
117 6
28 6
84 6
85 6
88 6
30 6
50 6
51 6
54 6
10 6
61 6
77 6
240 6
243 6
244 6
245 6
268 6
1 7
8 7
12 7
19 7
43 7
44 7
45 7
46 7
47 7
48 7
78 7
95 7
96 7
113 7
114 7
115 7
116 7
117 7
9 7
13 7
14 7
60 7
94 7
97 7
98 7
99 7
100 7
61 7
77 7
101 7
20 7
24 7
30 7
50 7
51 7
53 7
104 7
11 7
18 7
23 7
29 7
49 7
52 7
54 7
10 7
16 7
17 7
79 7
80 7
81 7
82 7
240 7
243 7
244 7
245 7
268 7
15 7
62 7
63 7
64 7
65 7
83 7
1 8
12 8
13 8
43 8
45 8
99 8
101 8
19 8
20 8
24 8
30 8
46 8
48 8
50 8
51 8
53 8
104 8
14 8
95 8
96 8
97 8
98 8
100 8
102 8
103 8
106 8
107 8
117 8
44 8
47 8
78 8
113 8
114 8
115 8
116 8
14 9
60 9
62 9
94 9
95 9
97 9
13 9
15 9
21 9
25 9
26 9
63 9
65 9
67 9
68 9
70 9
98 9
100 9
102 9
103 9
105 9
106 9
114 9
1 9
43 9
96 9
99 9
115 9
117 9
61 9
64 9
77 9
113 9
116 9
15 10
16 10
17 10
22 10
27 10
28 10
64 10
66 10
69 10
77 10
79 10
80 10
82 10
84 10
85 10
87 10
61 10
63 10
113 10
26 10
134 10
237 10
44 10
78 10
81 10
115 10
116 10
240 10
243 10
244 10
245 10
268 10
14 10
62 10
65 10
67 10
68 10
71 10
17 11
18 11
19 11
47 11
49 11
81 11
83 11
16 11
23 11
28 11
29 11
78 11
79 11
80 11
82 11
84 11
85 11
86 11
88 11
52 11
12 11
30 11
44 11
45 11
46 11
48 11
50 11
51 11
54 11
116 11
1 12
19 12
43 12
45 12
46 12
48 12
44 12
47 12
30 12
50 12
51 12
20 12
24 12
53 12
29 12
52 12
54 12
13 12
95 12
96 12
98 12
99 12
101 12
117 12
31 12
35 12
55 12
106 12
107 12
122 12
104 12
14 12
97 12
100 12
102 12
103 12
18 12
23 12
49 12
36 12
109 12
110 12
112 12
78 12
113 12
114 12
115 12
116 12
28 12
42 12
56 12
57 12
58 12
88 12
120 12
121 12
124 12
125 12
126 12
14 13
21 13
25 13
100 13
102 13
103 13
105 13
106 13
24 13
104 13
107 13
20 13
101 13
26 13
30 13
32 13
36 13
37 13
53 13
70 13
108 13
109 13
110 13
111 13
119 13
120 13
122 13
123 13
125 13
126 13
15 13
60 13
62 13
63 13
65 13
67 13
68 13
94 13
95 13
97 13
98 13
50 13
31 13
35 13
55 13
112 13
1 13
43 13
96 13
99 13
114 13
115 13
117 13
45 13
19 13
46 13
48 13
51 13
1 14
95 14
96 14
97 14
98 14
99 14
100 14
15 14
21 14
25 14
26 14
60 14
62 14
63 14
65 14
67 14
68 14
70 14
94 14
102 14
103 14
105 14
106 14
24 14
104 14
107 14
32 14
37 14
108 14
119 14
30 14
36 14
53 14
109 14
110 14
111 14
120 14
122 14
123 14
125 14
126 14
16 14
22 14
27 14
61 14
64 14
66 14
69 14
71 14
72 14
28 14
38 14
73 14
74 14
75 14
87 14
118 14
124 14
134 14
237 14
114 14
20 14
101 14
77 14
113 14
115 14
116 14
117 14
43 14
26 15
27 15
28 15
38 15
68 15
69 15
71 15
73 15
74 15
87 15
118 15
21 15
25 15
60 15
62 15
63 15
65 15
67 15
70 15
94 15
95 15
97 15
98 15
100 15
102 15
103 15
105 15
106 15
16 15
22 15
61 15
64 15
66 15
17 15
77 15
79 15
80 15
82 15
84 15
85 15
32 15
37 15
72 15
75 15
119 15
120 15
123 15
124 15
126 15
134 15
237 15
113 15
33 15
39 15
76 15
89 15
114 15
115 15
116 15
117 15
17 16
22 16
27 16
28 16
64 16
66 16
69 16
77 16
79 16
80 16
82 16
84 16
85 16
87 16
18 16
23 16
29 16
78 16
81 16
83 16
86 16
88 16
26 16
33 16
38 16
39 16
68 16
71 16
73 16
74 16
76 16
89 16
118 16
30 16
40 16
54 16
90 16
91 16
92 16
120 16
121 16
123 16
124 16
125 16
240 16
241 16
248 16
249 16
251 16
252 16
253 16
268 16
61 16
63 16
113 16
44 16
115 16
116 16
243 16
244 16
245 16
134 16
237 16
62 16
65 16
67 16
18 17
23 17
29 17
81 17
83 17
86 17
19 17
44 17
46 17
47 17
49 17
78 17
80 17
116 17
22 17
27 17
28 17
82 17
84 17
85 17
87 17
88 17
30 17
40 17
54 17
90 17
91 17
121 17
79 17
61 17
77 17
113 17
115 17
240 17
243 17
244 17
245 17
268 17
52 17
26 17
33 17
39 17
71 17
89 17
92 17
118 17
120 17
123 17
124 17
125 17
241 17
248 17
249 17
251 17
252 17
253 17
34 17
41 17
42 17
51 17
56 17
57 17
59 17
93 17
64 17
66 17
69 17
19 18
44 18
46 18
47 18
49 18
78 18
80 18
81 18
83 18
116 18
23 18
29 18
52 18
86 18
30 18
45 18
48 18
50 18
51 18
54 18
28 18
34 18
40 18
41 18
42 18
56 18
57 18
59 18
85 18
88 18
90 18
91 18
93 18
121 18
79 18
82 18
84 18
1 19
43 19
45 19
46 19
48 19
44 19
47 19
49 19
78 19
80 19
81 19
83 19
116 19
30 19
50 19
51 19
23 19
29 19
52 19
20 19
24 19
53 19
54 19
28 19
42 19
56 19
57 19
88 19
121 19
95 19
96 19
113 19
114 19
115 19
117 19
86 19
34 19
40 19
41 19
59 19
85 19
90 19
91 19
93 19
31 19
35 19
55 19
58 19
106 19
107 19
120 19
122 19
124 19
125 19
126 19
99 19
101 19
104 19
1 20
24 20
30 20
43 20
45 20
46 20
48 20
50 20
51 20
53 20
99 20
101 20
104 20
31 20
35 20
36 20
55 20
103 20
106 20
107 20
109 20
110 20
112 20
122 20
28 20
29 20
42 20
52 20
54 20
56 20
57 20
58 20
88 20
120 20
121 20
124 20
125 20
126 20
95 20
96 20
97 20
98 20
100 20
102 20
25 21
26 21
32 21
37 21
67 21
70 21
72 21
105 21
106 21
119 21
100 21
102 21
103 21
108 21
60 21
62 21
63 21
65 21
68 21
94 21
95 21
97 21
98 21
24 21
30 21
36 21
53 21
104 21
107 21
109 21
110 21
111 21
120 21
122 21
123 21
125 21
126 21
27 21
28 21
38 21
69 21
71 21
73 21
74 21
75 21
87 21
118 21
124 21
134 21
237 21
27 22
28 22
64 22
66 22
69 22
77 22
79 22
80 22
82 22
84 22
85 22
87 22
26 22
33 22
38 22
39 22
68 22
71 22
73 22
74 22
76 22
89 22
118 22
29 22
30 22
40 22
54 22
86 22
88 22
90 22
91 22
92 22
120 22
121 22
123 22
124 22
125 22
240 22
241 22
248 22
249 22
251 22
252 22
253 22
268 22
61 22
62 22
63 22
65 22
67 22
29 23
47 23
49 23
52 23
81 23
83 23
86 23
30 23
44 23
45 23
46 23
48 23
50 23
51 23
54 23
28 23
34 23
40 23
41 23
42 23
56 23
57 23
59 23
85 23
88 23
90 23
91 23
93 23
121 23
78 23
79 23
80 23
82 23
84 23
1 24
30 24
43 24
45 24
46 24
48 24
50 24
51 24
53 24
99 24
101 24
104 24
31 24
35 24
36 24
42 24
55 24
56 24
58 24
110 24
112 24
127 24
131 24
137 24
161 24
162 24
164 24
208 24
103 24
106 24
107 24
109 24
122 24
37 24
108 24
111 24
206 24
207 24
210 24
211 24
100 24
102 24
25 24
26 24
32 24
70 24
105 24
119 24
120 24
123 24
125 24
126 24
95 24
96 24
97 24
98 24
28 24
29 24
52 24
54 24
57 24
88 24
121 24
124 24
26 25
32 25
37 25
67 25
70 25
72 25
102 25
105 25
106 25
108 25
119 25
27 25
28 25
38 25
65 25
68 25
69 25
71 25
73 25
74 25
75 25
87 25
118 25
120 25
123 25
124 25
126 25
134 25
237 25
36 25
109 25
111 25
128 25
132 25
133 25
176 25
177 25
179 25
206 25
207 25
209 25
210 25
60 25
62 25
63 25
94 25
95 25
97 25
98 25
100 25
103 25
30 25
53 25
104 25
107 25
110 25
122 25
125 25
30 26
32 26
36 26
37 26
53 26
70 26
100 26
102 26
103 26
104 26
105 26
106 26
107 26
108 26
109 26
110 26
111 26
119 26
120 26
122 26
123 26
125 26
126 26
27 26
28 26
71 26
87 26
118 26
124 26
65 26
67 26
68 26
69 26
66 26
72 26
121 26
60 26
62 26
63 26
94 26
95 26
97 26
98 26
38 26
73 26
74 26
75 26
33 26
39 26
76 26
133 26
176 26
177 26
84 26
89 26
134 26
237 26
61 26
64 26
77 26
79 26
113 26
129 26
135 26
140 26
145 26
146 26
156 26
178 26
180 26
182 26
183 26
185 26
191 26
194 26
196 26
223 26
238 26
239 26
29 26
40 26
54 26
82 26
85 26
86 26
88 26
90 26
91 26
92 26
240 26
241 26
248 26
249 26
251 26
252 26
253 26
268 26
128 26
132 26
179 26
206 26
207 26
209 26
210 26
28 27
29 27
30 27
33 27
39 27
40 27
54 27
71 27
82 27
84 27
85 27
86 27
87 27
88 27
89 27
90 27
91 27
92 27
118 27
120 27
121 27
123 27
124 27
125 27
240 27
241 27
248 27
249 27
251 27
252 27
253 27
268 27
38 27
66 27
68 27
69 27
73 27
74 27
76 27
64 27
77 27
79 27
80 27
129 27
134 27
178 27
37 27
72 27
75 27
133 27
176 27
177 27
180 27
135 27
191 27
192 27
194 27
65 27
67 27
32 27
70 27
105 27
106 27
119 27
126 27
237 27
61 27
62 27
63 27
29 28
34 28
39 28
40 28
41 28
88 28
89 28
90 28
91 28
92 28
93 28
130 28
135 28
136 28
191 28
192 28
193 28
195 28
30 28
42 28
51 28
52 28
54 28
56 28
57 28
121 28
33 28
38 28
66 28
68 28
69 28
71 28
73 28
74 28
76 28
84 28
87 28
118 28
240 28
248 28
249 28
251 28
268 28
247 28
250 28
241 28
252 28
253 28
254 28
255 28
158 28
242 28
243 28
244 28
245 28
246 28
256 28
257 28
258 28
259 28
260 28
261 28
262 28
263 28
264 28
265 28
266 28
267 28
79 28
80 28
82 28
85 28
86 28
64 28
77 28
83 28
120 28
123 28
124 28
125 28
106 28
119 28
122 28
126 28
49 28
59 28
32 28
37 28
65 28
67 28
70 28
72 28
75 28
105 28
134 28
237 28
31 28
35 28
48 28
50 28
53 28
55 28
58 28
107 28
129 28
178 28
194 28
78 28
81 28
30 29
42 29
51 29
52 29
54 29
56 29
57 29
88 29
121 29
35 29
55 29
58 29
34 29
41 29
59 29
130 29
136 29
163 29
81 29
83 29
86 29
82 29
84 29
85 29
49 29
47 29
40 29
90 29
91 29
93 29
31 29
48 29
50 29
53 29
106 29
107 29
120 29
122 29
124 29
125 29
126 29
39 29
89 29
92 29
135 29
191 29
192 29
193 29
195 29
137 29
161 29
162 29
165 29
44 29
45 29
46 29
78 29
79 29
80 29
33 29
71 29
87 29
118 29
123 29
240 29
241 29
248 29
249 29
251 29
252 29
253 29
268 29
106 30
120 30
121 30
122 30
124 30
125 30
126 30
119 30
123 30
1 30
43 30
45 30
46 30
48 30
50 30
51 30
53 30
99 30
101 30
104 30
31 30
35 30
36 30
55 30
103 30
107 30
109 30
110 30
112 30
42 30
52 30
54 30
56 30
57 30
58 30
88 30
127 30
131 30
137 30
161 30
162 30
164 30
208 30
34 30
41 30
59 30
130 30
136 30
163 30
165 30
44 30
47 30
49 30
40 30
83 30
85 30
86 30
90 30
91 30
93 30
32 30
37 30
70 30
100 30
102 30
105 30
108 30
111 30
118 30
33 30
39 30
71 30
82 30
84 30
87 30
89 30
92 30
240 30
241 30
248 30
249 30
251 30
252 30
253 30
268 30
35 31
36 31
53 31
55 31
110 31
112 31
42 31
56 31
58 31
127 31
131 31
137 31
161 31
162 31
164 31
208 31
37 31
106 31
107 31
108 31
109 31
111 31
206 31
207 31
210 31
211 31
50 31
101 31
103 31
104 31
122 31
48 31
51 31
52 31
54 31
57 31
88 31
120 31
121 31
124 31
125 31
126 31
37 32
70 32
72 32
105 32
106 32
108 32
67 32
102 32
119 32
36 32
38 32
73 32
75 32
109 32
111 32
128 32
132 32
133 32
176 32
177 32
179 32
206 32
207 32
209 32
210 32
53 32
100 32
103 32
104 32
107 32
110 32
120 32
122 32
123 32
125 32
126 32
65 32
68 32
69 32
71 32
74 32
87 32
118 32
124 32
134 32
237 32
39 33
71 33
84 33
87 33
89 33
118 33
40 33
90 33
92 33
38 33
66 33
68 33
69 33
73 33
74 33
76 33
37 33
72 33
75 33
129 33
133 33
134 33
176 33
177 33
178 33
180 33
135 33
191 33
192 33
194 33
54 33
82 33
85 33
86 33
88 33
91 33
120 33
121 33
123 33
124 33
125 33
240 33
241 33
248 33
249 33
251 33
252 33
253 33
268 33
40 34
41 34
42 34
57 34
59 34
91 34
93 34
39 34
88 34
89 34
90 34
92 34
130 34
135 34
136 34
191 34
192 34
193 34
195 34
163 34
35 34
54 34
55 34
56 34
58 34
137 34
161 34
162 34
165 34
49 34
51 34
52 34
83 34
85 34
86 34
121 34
36 35
42 35
53 35
55 35
56 35
58 35
110 35
112 35
127 35
131 35
137 35
161 35
162 35
164 35
208 35
50 35
101 35
103 35
104 35
106 35
107 35
109 35
122 35
37 35
108 35
111 35
206 35
207 35
210 35
211 35
41 35
54 35
57 35
59 35
130 35
136 35
163 35
165 35
138 35
142 35
143 35
166 35
213 35
214 35
216 35
227 35
133 35
135 35
149 35
167 35
168 35
169 35
195 35
223 35
224 35
225 35
226 35
48 35
51 35
52 35
88 35
120 35
121 35
124 35
125 35
126 35
37 36
111 36
131 36
206 36
207 36
208 36
210 36
211 36
112 36
127 36
128 36
132 36
133 36
137 36
139 36
143 36
144 36
164 36
179 36
209 36
212 36
213 36
214 36
215 36
224 36
225 36
227 36
53 36
55 36
110 36
42 36
56 36
58 36
161 36
162 36
50 36
101 36
103 36
104 36
106 36
107 36
109 36
122 36
108 36
38 36
70 36
72 36
73 36
75 36
105 36
176 36
177 36
100 36
102 36
119 36
120 36
123 36
125 36
126 36
138 36
142 36
166 36
216 36
38 37
70 37
72 37
73 37
75 37
105 37
106 37
108 37
109 37
111 37
128 37
132 37
133 37
176 37
177 37
179 37
206 37
207 37
209 37
210 37
39 37
71 37
74 37
76 37
129 37
134 37
178 37
180 37
67 37
119 37
102 37
53 37
100 37
103 37
104 37
107 37
110 37
120 37
122 37
123 37
125 37
126 37
139 37
144 37
181 37
212 37
224 37
135 37
137 37
145 37
182 37
183 37
184 37
194 37
223 37
225 37
226 37
227 37
131 37
208 37
211 37
112 37
127 37
143 37
164 37
213 37
214 37
215 37
65 37
68 37
69 37
87 37
118 37
124 37
237 37
68 38
69 38
71 38
73 38
74 38
87 38
118 38
70 38
72 38
75 38
39 38
66 38
76 38
84 38
89 38
133 38
176 38
177 38
129 38
134 38
178 38
135 38
191 38
194 38
128 38
132 38
137 38
139 38
144 38
145 38
179 38
180 38
181 38
182 38
183 38
184 38
209 38
210 38
223 38
224 38
225 38
226 38
227 38
140 38
146 38
156 38
185 38
196 38
237 38
238 38
239 38
105 38
106 38
108 38
109 38
111 38
206 38
207 38
65 38
67 38
119 38
120 38
123 38
124 38
126 38
40 38
90 38
92 38
192 38
74 39
76 39
87 39
89 39
40 39
90 39
92 39
129 39
134 39
135 39
178 39
191 39
192 39
194 39
54 39
71 39
82 39
84 39
85 39
86 39
88 39
91 39
118 39
120 39
121 39
123 39
124 39
125 39
240 39
241 39
248 39
249 39
251 39
252 39
253 39
268 39
66 39
68 39
69 39
73 39
41 39
93 39
130 39
136 39
193 39
195 39
72 39
75 39
133 39
176 39
177 39
180 39
140 39
145 39
146 39
156 39
182 39
183 39
185 39
196 39
223 39
237 39
238 39
239 39
137 39
147 39
165 39
197 39
198 39
199 39
225 39
226 39
242 39
256 39
257 39
259 39
260 39
261 39
41 40
88 40
89 40
90 40
91 40
92 40
93 40
130 40
135 40
136 40
191 40
192 40
193 40
195 40
54 40
85 40
86 40
121 40
87 40
74 40
76 40
129 40
134 40
178 40
194 40
71 40
82 40
84 40
118 40
120 40
123 40
124 40
125 40
240 40
241 40
248 40
249 40
251 40
252 40
253 40
268 40
42 40
59 40
163 40
133 40
137 40
140 40
146 40
147 40
165 40
180 40
196 40
197 40
198 40
199 40
223 40
225 40
226 40
242 40
256 40
257 40
259 40
260 40
261 40
141 40
148 40
149 40
162 40
167 40
168 40
170 40
200 40
57 40
49 40
51 40
52 40
56 40
83 40
42 41
59 41
93 41
130 41
135 41
136 41
137 41
141 41
147 41
148 41
149 41
162 41
163 41
165 41
167 41
168 41
170 41
192 41
193 41
195 41
197 41
198 41
200 41
226 41
88 41
89 41
90 41
91 41
92 41
191 41
57 41
54 41
55 41
56 41
58 41
161 41
49 41
51 41
52 41
83 41
85 41
86 41
121 41
59 42
93 42
130 42
136 42
163 42
193 42
135 42
137 42
141 42
147 42
148 42
149 42
162 42
165 42
167 42
168 42
170 42
192 42
195 42
197 42
198 42
200 42
226 42
58 42
127 42
131 42
133 42
138 42
142 42
161 42
164 42
166 42
169 42
210 42
211 42
223 42
224 42
225 42
227 42
54 42
55 42
56 42
57 42
53 42
110 42
112 42
208 42
48 42
50 42
51 42
52 42
88 42
106 42
107 42
120 42
121 42
122 42
124 42
125 42
126 42
91 42
49 42
83 42
85 42
86 42
90 42
1 43
45 43
46 43
48 43
50 43
51 43
53 43
99 43
101 43
104 43
95 43
96 43
98 43
117 43
114 43
115 43
44 43
47 43
78 43
113 43
116 43
60 43
94 43
97 43
100 43
46 44
47 44
78 44
116 44
49 44
80 44
81 44
83 44
45 44
48 44
113 44
115 44
61 44
77 44
79 44
82 44
240 44
243 44
244 44
245 44
268 44
1 44
95 44
96 44
114 44
117 44
50 44
51 44
52 44
54 44
1 45
46 45
48 45
50 45
51 45
53 45
99 45
101 45
104 45
47 45
78 45
95 45
96 45
113 45
114 45
115 45
116 45
117 45
49 45
52 45
54 45
98 45
47 46
49 46
78 46
80 46
81 46
83 46
116 46
1 46
48 46
50 46
51 46
53 46
99 46
101 46
104 46
95 46
96 46
113 46
114 46
115 46
117 46
52 46
54 46
48 47
49 47
52 47
81 47
83 47
86 47
78 47
80 47
116 47
1 47
95 47
96 47
113 47
114 47
115 47
117 47
50 47
51 47
54 47
50 48
51 48
1 48
53 48
99 48
101 48
104 48
52 48
54 48
55 48
56 48
57 48
58 48
88 48
106 48
107 48
120 48
121 48
122 48
124 48
125 48
126 48
49 48
78 48
95 48
96 48
113 48
114 48
115 48
116 48
117 48
51 49
52 49
54 49
56 49
57 49
59 49
83 49
85 49
86 49
88 49
90 49
91 49
93 49
121 49
81 49
78 49
80 49
116 49
50 49
51 50
53 50
52 50
54 50
55 50
106 50
107 50
122 50
56 50
57 50
58 50
88 50
120 50
121 50
124 50
125 50
126 50
1 50
99 50
101 50
104 50
103 50
109 50
110 50
112 50
52 51
54 51
53 51
55 51
56 51
57 51
58 51
88 51
106 51
107 51
120 51
121 51
122 51
124 51
125 51
126 51
1 51
99 51
101 51
104 51
59 51
83 51
85 51
86 51
90 51
91 51
93 51
54 52
53 52
55 52
56 52
57 52
58 52
88 52
106 52
107 52
120 52
121 52
122 52
124 52
125 52
126 52
83 52
86 52
81 52
59 52
85 52
90 52
91 52
93 52
55 53
110 53
112 53
54 53
56 53
57 53
58 53
88 53
106 53
107 53
120 53
121 53
122 53
124 53
125 53
126 53
127 53
131 53
137 53
161 53
162 53
164 53
208 53
1 53
99 53
101 53
104 53
103 53
109 53
70 53
100 53
102 53
105 53
108 53
111 53
119 53
123 53
55 54
56 54
57 54
58 54
59 54
130 54
136 54
137 54
161 54
162 54
163 54
165 54
71 54
82 54
84 54
85 54
86 54
87 54
88 54
89 54
90 54
91 54
92 54
118 54
120 54
121 54
123 54
124 54
125 54
240 54
241 54
248 54
249 54
251 54
252 54
253 54
268 54
106 54
107 54
122 54
126 54
83 54
93 54
56 55
58 55
110 55
112 55
137 55
161 55
162 55
127 55
131 55
164 55
208 55
57 55
59 55
130 55
136 55
163 55
165 55
106 55
107 55
122 55
101 55
103 55
104 55
109 55
88 55
120 55
121 55
124 55
125 55
126 55
57 56
58 56
59 56
137 56
161 56
162 56
110 56
112 56
127 56
131 56
164 56
208 56
130 56
136 56
163 56
165 56
88 56
121 56
83 56
85 56
86 56
90 56
91 56
93 56
106 56
107 56
120 56
122 56
124 56
125 56
126 56
59 57
130 57
136 57
163 57
88 57
121 57
58 57
137 57
161 57
162 57
165 57
83 57
85 57
86 57
90 57
91 57
93 57
106 57
107 57
120 57
122 57
124 57
125 57
126 57
193 57
137 58
161 58
162 58
127 58
131 58
133 58
135 58
136 58
138 58
142 58
149 58
163 58
164 58
165 58
166 58
167 58
168 58
169 58
195 58
210 58
211 58
223 58
224 58
225 58
226 58
227 58
110 58
112 58
208 58
59 58
130 58
88 58
106 58
107 58
120 58
121 58
122 58
124 58
125 58
126 58
130 59
136 59
163 59
93 59
193 59
135 59
137 59
141 59
147 59
148 59
149 59
162 59
165 59
167 59
168 59
170 59
192 59
195 59
197 59
198 59
200 59
226 59
83 59
85 59
86 59
88 59
90 59
91 59
121 59
161 59
62 60
63 60
65 60
67 60
68 60
70 60
94 60
95 60
97 60
98 60
100 60
102 60
103 60
105 60
106 60
114 60
1 60
96 60
99 60
115 60
117 60
61 60
64 60
77 60
113 60
116 60
63 61
64 61
77 61
113 61
62 61
65 61
78 61
79 61
80 61
81 61
82 61
115 61
116 61
240 61
243 61
244 61
245 61
268 61
94 61
95 61
114 61
117 61
66 61
134 61
237 61
67 61
68 61
69 61
71 61
63 62
65 62
67 62
68 62
94 62
95 62
97 62
114 62
70 62
98 62
100 62
102 62
103 62
105 62
106 62
64 62
77 62
113 62
115 62
116 62
117 62
66 62
69 62
71 62
64 63
65 63
66 63
67 63
68 63
70 63
94 63
95 63
97 63
98 63
100 63
102 63
103 63
105 63
106 63
69 63
71 63
77 63
113 63
79 63
134 63
237 63
114 63
115 63
116 63
117 63
66 64
65 64
67 64
68 64
69 64
71 64
77 64
79 64
80 64
82 64
84 64
85 64
87 64
113 64
94 64
95 64
114 64
115 64
116 64
117 64
134 64
237 64
67 65
68 65
70 65
94 65
95 65
97 65
98 65
100 65
102 65
103 65
105 65
106 65
69 65
71 65
66 65
77 65
113 65
114 65
115 65
116 65
117 65
72 65
73 65
74 65
75 65
87 65
118 65
119 65
120 65
123 65
124 65
126 65
134 65
237 65
69 66
84 66
87 66
68 66
71 66
73 66
74 66
76 66
89 66
118 66
77 66
79 66
80 66
82 66
85 66
67 66
113 66
134 66
237 66
68 67
70 67
69 67
71 67
72 67
73 67
74 67
75 67
87 67
105 67
106 67
118 67
119 67
120 67
123 67
124 67
126 67
134 67
237 67
94 67
95 67
97 67
98 67
100 67
102 67
103 67
108 67
69 68
70 68
71 68
72 68
73 68
74 68
75 68
87 68
105 68
106 68
118 68
119 68
120 68
123 68
124 68
126 68
134 68
237 68
76 68
84 68
89 68
94 68
95 68
97 68
98 68
100 68
102 68
103 68
84 69
87 69
70 69
71 69
72 69
73 69
74 69
75 69
105 69
106 69
118 69
119 69
120 69
123 69
124 69
126 69
134 69
237 69
76 69
89 69
77 69
79 69
80 69
82 69
85 69
72 70
73 70
75 70
102 70
105 70
106 70
108 70
119 70
100 70
103 70
104 70
107 70
109 70
110 70
111 70
120 70
122 70
123 70
125 70
126 70
71 70
74 70
87 70
118 70
124 70
134 70
237 70
94 70
95 70
97 70
98 70
128 70
132 70
133 70
176 70
177 70
179 70
206 70
207 70
209 70
210 70
72 71
73 71
74 71
75 71
87 71
105 71
106 71
118 71
119 71
120 71
123 71
124 71
126 71
134 71
237 71
82 71
84 71
85 71
86 71
88 71
89 71
90 71
91 71
92 71
121 71
125 71
240 71
241 71
248 71
249 71
251 71
252 71
253 71
268 71
76 71
129 71
133 71
176 71
177 71
178 71
180 71
105 72
106 72
108 72
73 72
74 72
75 72
87 72
118 72
119 72
120 72
123 72
124 72
126 72
134 72
237 72
102 72
133 72
176 72
177 72
109 72
111 72
128 72
132 72
179 72
206 72
207 72
209 72
210 72
76 72
129 72
178 72
180 72
74 73
75 73
87 73
105 73
106 73
118 73
119 73
120 73
123 73
124 73
126 73
134 73
237 73
76 73
84 73
89 73
133 73
176 73
177 73
108 73
109 73
111 73
128 73
132 73
179 73
206 73
207 73
209 73
210 73
129 73
178 73
180 73
76 74
87 74
89 74
90 74
92 74
129 74
134 74
135 74
178 74
191 74
192 74
194 74
75 74
105 74
106 74
118 74
119 74
120 74
123 74
124 74
126 74
237 74
84 74
133 74
176 74
177 74
180 74
133 75
134 75
176 75
177 75
178 75
180 75
87 75
105 75
106 75
118 75
119 75
120 75
123 75
124 75
126 75
237 75
108 75
109 75
111 75
128 75
132 75
179 75
206 75
207 75
209 75
210 75
76 75
129 75
135 75
137 75
139 75
144 75
145 75
181 75
182 75
183 75
184 75
194 75
223 75
224 75
225 75
226 75
227 75
129 76
134 76
178 76
135 76
191 76
194 76
133 76
140 76
145 76
146 76
156 76
177 76
180 76
182 76
183 76
185 76
196 76
223 76
237 76
238 76
239 76
87 76
89 76
90 76
92 76
192 76
84 76
118 76
176 76
79 77
113 77
80 77
82 77
134 77
237 77
115 77
116 77
78 77
81 77
240 77
243 77
244 77
245 77
268 77
84 77
85 77
87 77
94 77
95 77
114 77
117 77
80 78
81 78
83 78
116 78
79 78
82 78
113 78
115 78
240 78
243 78
244 78
245 78
268 78
84 78
85 78
86 78
88 78
1 78
95 78
96 78
114 78
117 78
80 79
82 79
113 79
134 79
237 79
81 79
84 79
85 79
115 79
116 79
240 79
243 79
244 79
245 79
268 79
87 79
83 79
86 79
88 79
82 80
81 80
83 80
116 80
84 80
85 80
86 80
88 80
87 80
113 80
115 80
240 80
243 80
244 80
245 80
268 80
83 81
116 81
82 81
86 81
84 81
85 81
88 81
113 81
115 81
240 81
243 81
244 81
245 81
268 81
84 82
85 82
87 82
86 82
88 82
89 82
90 82
91 82
92 82
118 82
120 82
121 82
123 82
124 82
125 82
240 82
241 82
248 82
249 82
251 82
252 82
253 82
268 82
83 82
113 82
115 82
116 82
243 82
244 82
245 82
86 83
116 83
85 83
88 83
90 83
91 83
93 83
121 83
84 83
87 84
85 84
86 84
88 84
89 84
90 84
91 84
92 84
118 84
120 84
121 84
123 84
124 84
125 84
240 84
241 84
248 84
249 84
251 84
252 84
253 84
268 84
87 85
86 85
88 85
89 85
90 85
91 85
92 85
118 85
120 85
121 85
123 85
124 85
125 85
240 85
241 85
248 85
249 85
251 85
252 85
253 85
268 85
93 85
88 86
87 86
89 86
90 86
91 86
92 86
118 86
120 86
121 86
123 86
124 86
125 86
240 86
241 86
248 86
249 86
251 86
252 86
253 86
268 86
93 86
89 87
90 87
92 87
118 87
120 87
123 87
124 87
129 87
134 87
135 87
178 87
191 87
192 87
194 87
105 87
106 87
119 87
126 87
237 87
88 87
91 87
121 87
125 87
240 87
241 87
248 87
249 87
251 87
252 87
253 87
268 87
90 88
91 88
121 88
89 88
92 88
93 88
120 88
124 88
125 88
130 88
135 88
136 88
191 88
192 88
193 88
195 88
118 88
123 88
240 88
241 88
248 88
249 88
251 88
252 88
253 88
268 88
106 88
107 88
122 88
126 88
90 89
92 89
91 89
135 89
191 89
192 89
93 89
130 89
136 89
193 89
195 89
118 89
129 89
134 89
178 89
194 89
120 89
121 89
123 89
124 89
125 89
240 89
241 89
248 89
249 89
251 89
252 89
253 89
268 89
92 90
91 90
93 90
121 90
130 90
135 90
136 90
191 90
192 90
193 90
195 90
129 90
134 90
178 90
194 90
118 90
120 90
123 90
124 90
125 90
240 90
241 90
248 90
249 90
251 90
252 90
253 90
268 90
93 91
121 91
92 91
130 91
135 91
136 91
191 91
192 91
193 91
195 91
118 91
120 91
123 91
124 91
125 91
240 91
241 91
248 91
249 91
251 91
252 91
253 91
268 91
163 91
93 92
130 92
135 92
136 92
191 92
192 92
193 92
195 92
129 92
134 92
178 92
194 92
118 92
120 92
121 92
123 92
124 92
125 92
240 92
241 92
248 92
249 92
251 92
252 92
253 92
268 92
133 92
137 92
140 92
146 92
147 92
165 92
180 92
196 92
197 92
198 92
199 92
223 92
225 92
226 92
242 92
256 92
257 92
259 92
260 92
261 92
130 93
136 93
193 93
135 93
137 93
141 93
147 93
148 93
149 93
162 93
163 93
165 93
167 93
168 93
170 93
192 93
195 93
197 93
198 93
200 93
226 93
121 93
191 93
95 94
97 94
114 94
1 94
96 94
98 94
99 94
100 94
115 94
117 94
102 94
103 94
105 94
106 94
113 94
116 94
1 95
96 95
98 95
99 95
101 95
97 95
100 95
102 95
103 95
106 95
114 95
115 95
117 95
113 95
116 95
105 95
104 95
107 95
1 96
97 96
98 96
99 96
100 96
114 96
115 96
117 96
101 96
102 96
103 96
104 96
106 96
107 96
113 96
116 96
114 97
1 97
98 97
99 97
100 97
115 97
117 97
102 97
103 97
106 97
105 97
101 97
104 97
107 97
100 98
1 98
99 98
101 98
117 98
114 98
115 98
102 98
103 98
106 98
105 98
104 98
107 98
1 99
101 99
117 99
100 99
104 99
114 99
115 99
102 99
103 99
106 99
107 99
102 100
103 100
104 100
105 100
106 100
107 100
108 100
109 100
110 100
111 100
119 100
120 100
122 100
123 100
125 100
126 100
1 100
114 100
115 100
117 100
101 100
1 101
104 101
117 101
103 101
106 101
107 101
109 101
110 101
112 101
122 101
102 101
103 102
105 102
106 102
108 102
119 102
104 102
107 102
109 102
110 102
111 102
120 102
122 102
123 102
125 102
126 102
1 102
104 103
106 103
107 103
109 103
110 103
122 103
105 103
112 103
1 103
108 103
111 103
119 103
120 103
123 103
125 103
126 103
106 104
107 104
105 104
108 104
109 104
110 104
111 104
119 104
120 104
122 104
123 104
125 104
126 104
1 104
112 104
106 105
119 105
108 105
109 105
111 105
128 105
132 105
133 105
176 105
177 105
179 105
206 105
207 105
209 105
210 105
118 105
120 105
123 105
124 105
126 105
134 105
237 105
107 105
110 105
122 105
125 105
107 106
120 106
121 106
122 106
124 106
125 106
126 106
1 106
108 106
109 106
111 106
128 106
132 106
133 106
176 106
177 106
179 106
206 106
207 106
209 106
210 106
110 106
119 106
112 106
123 106
118 106
134 106
237 106
127 106
131 106
208 106
211 106
1 107
109 107
110 107
122 107
108 107
111 107
112 107
120 107
125 107
126 107
121 107
124 107
119 107
123 107
127 107
131 107
206 107
207 107
208 107
210 107
211 107
109 108
111 108
128 108
132 108
133 108
176 108
177 108
179 108
206 108
207 108
209 108
210 108
119 108
110 108
112 108
127 108
131 108
208 108
211 108
120 108
122 108
123 108
125 108
126 108
111 109
128 109
132 109
133 109
176 109
177 109
179 109
206 109
207 109
209 109
210 109
110 109
112 109
122 109
127 109
131 109
208 109
211 109
119 109
120 109
123 109
125 109
126 109
112 110
127 110
131 110
208 110
137 110
161 110
162 110
164 110
111 110
122 110
206 110
207 110
210 110
211 110
119 110
120 110
123 110
125 110
126 110
206 111
207 111
210 111
128 111
132 111
209 111
119 111
120 111
122 111
123 111
125 111
126 111
133 111
176 111
177 111
179 111
131 111
208 111
211 111
137 111
139 111
143 111
144 111
164 111
212 111
213 111
214 111
215 111
224 111
225 111
227 111
112 111
127 111
127 112
131 112
206 112
207 112
208 112
210 112
211 112
137 112
161 112
162 112
164 112
138 112
142 112
143 112
166 112
213 112
214 112
216 112
227 112
122 112
115 113
116 113
114 113
117 113
134 113
237 113
240 113
243 113
244 113
245 113
268 113
1 113
115 114
117 114
116 114
1 114
1 115
116 115
117 115
240 115
243 115
244 115
245 115
268 115
1 116
117 116
240 116
243 116
244 116
245 116
268 116
1 117
120 118
123 118
124 118
119 118
121 118
122 118
125 118
126 118
240 118
241 118
248 118
249 118
251 118
252 118
253 118
268 118
134 118
237 118
120 119
122 119
123 119
125 119
126 119
121 119
124 119
134 119
237 119
121 120
124 120
125 120
123 120
240 120
241 120
248 120
249 120
251 120
252 120
253 120
268 120
122 120
126 120
134 120
237 120
123 121
124 121
125 121
240 121
241 121
248 121
249 121
251 121
252 121
253 121
268 121
122 121
126 121
123 122
125 122
126 122
124 122
124 123
125 123
126 123
240 123
241 123
248 123
249 123
251 123
252 123
253 123
268 123
134 123
237 123
125 124
126 124
240 124
241 124
248 124
249 124
251 124
252 124
253 124
268 124
134 124
237 124
126 125
240 125
241 125
248 125
249 125
251 125
252 125
253 125
268 125
134 126
237 126
131 127
206 127
207 127
208 127
210 127
211 127
137 127
161 127
162 127
164 127
138 127
142 127
143 127
166 127
213 127
214 127
216 127
227 127
133 127
135 127
136 127
149 127
163 127
165 127
167 127
168 127
169 127
195 127
223 127
224 127
225 127
226 127
132 128
133 128
176 128
179 128
206 128
209 128
210 128
139 128
144 128
181 128
212 128
224 128
134 128
135 128
137 128
145 128
177 128
178 128
180 128
182 128
183 128
184 128
194 128
223 128
225 128
226 128
227 128
207 128
131 128
143 128
164 128
208 128
211 128
213 128
214 128
215 128
133 129
134 129
135 129
136 129
137 129
140 129
146 129
147 129
165 129
180 129
191 129
192 129
193 129
194 129
195 129
196 129
197 129
198 129
199 129
223 129
225 129
226 129
241 129
242 129
256 129
257 129
259 129
260 129
261 129
268 129
177 129
178 129
176 129
145 129
156 129
182 129
183 129
185 129
237 129
238 129
239 129
136 130
193 130
163 130
135 130
137 130
141 130
147 130
148 130
149 130
162 130
165 130
167 130
168 130
170 130
192 130
195 130
197 130
198 130
200 130
226 130
191 130
161 130
137 131
138 131
142 131
143 131
164 131
166 131
214 131
216 131
144 131
210 131
211 131
212 131
213 131
215 131
149 131
150 131
154 131
160 131
167 131
169 131
171 131
172 131
174 131
219 131
206 131
207 131
208 131
133 131
224 131
225 131
227 131
161 131
162 131
217 131
218 131
221 131
222 131
135 131
136 131
163 131
165 131
168 131
195 131
223 131
226 131
132 131
139 131
179 131
209 131
133 132
176 132
177 132
179 132
206 132
207 132
209 132
210 132
139 132
144 132
145 132
181 132
182 132
184 132
212 132
224 132
137 132
143 132
164 132
208 132
211 132
213 132
214 132
215 132
225 132
227 132
134 132
135 132
178 132
180 132
183 132
194 132
223 132
226 132
151 132
155 132
156 132
186 132
187 132
189 132
217 132
218 132
220 132
221 132
139 133
144 133
179 133
181 133
209 133
210 133
212 133
176 133
177 133
206 133
207 133
143 133
145 133
151 133
155 133
156 133
182 133
184 133
186 133
187 133
189 133
213 133
215 133
217 133
218 133
220 133
221 133
134 133
140 133
146 133
180 133
183 133
185 133
152 133
157 133
188 133
190 133
178 133
224 133
135 133
194 133
223 133
191 133
196 133
137 133
164 133
208 133
211 133
214 133
225 133
227 133
226 133
136 133
165 133
195 133
237 133
238 133
239 133
147 133
192 133
193 133
197 133
198 133
199 133
241 133
242 133
256 133
257 133
259 133
260 133
261 133
268 133
138 133
142 133
149 133
161 133
162 133
163 133
166 133
167 133
168 133
169 133
135 134
140 134
145 134
146 134
156 134
177 134
178 134
180 134
182 134
183 134
185 134
191 134
194 134
196 134
223 134
237 134
238 134
239 134
152 134
157 134
188 134
136 134
137 134
147 134
165 134
192 134
193 134
195 134
197 134
198 134
199 134
225 134
226 134
241 134
242 134
256 134
257 134
259 134
260 134
261 134
268 134
144 134
181 134
184 134
186 134
187 134
190 134
158 134
201 134
202 134
204 134
151 134
155 134
189 134
220 134
221 134
228 134
229 134
230 134
233 134
234 134
236 134
176 134
139 134
179 134
209 134
210 134
224 134
227 134
158 135
242 135
259 135
260 135
261 135
262 135
263 135
264 135
265 135
266 135
267 135
268 135
136 135
137 135
141 135
147 135
148 135
149 135
162 135
163 135
165 135
167 135
168 135
170 135
192 135
193 135
195 135
197 135
198 135
200 135
226 135
138 135
142 135
161 135
164 135
166 135
169 135
210 135
211 135
223 135
224 135
225 135
227 135
140 135
145 135
146 135
183 135
185 135
194 135
196 135
152 135
157 135
188 135
199 135
201 135
202 135
204 135
153 135
159 135
203 135
205 135
241 135
256 135
257 135
180 135
191 135
255 135
258 135
177 135
178 135
182 135
240 135
243 135
244 135
245 135
246 135
247 135
248 135
249 135
250 135
251 135
252 135
253 135
254 135
139 135
144 135
176 135
179 135
181 135
184 135
209 135
156 135
237 135
238 135
239 135
137 136
161 136
162 136
163 136
165 136
141 136
146 136
147 136
148 136
153 136
158 136
159 136
195 136
196 136
197 136
198 136
199 136
200 136
201 136
202 136
203 136
205 136
149 136
168 136
170 136
173 136
192 136
193 136
167 136
226 136
142 136
160 136
166 136
169 136
171 136
172 136
175 136
223 136
225 136
191 136
140 136
180 136
194 136
241 136
242 136
256 136
257 136
259 136
260 136
261 136
268 136
138 136
164 136
210 136
211 136
224 136
227 136
139 137
143 137
144 137
164 137
179 137
206 137
207 137
208 137
209 137
210 137
211 137
212 137
213 137
214 137
215 137
224 137
225 137
227 137
161 137
162 137
163 137
165 137
180 137
194 137
223 137
226 137
195 137
138 137
142 137
149 137
166 137
167 137
168 137
169 137
141 137
147 137
148 137
170 137
192 137
193 137
197 137
198 137
200 137
216 137
140 137
146 137
191 137
196 137
199 137
241 137
242 137
256 137
257 137
259 137
260 137
261 137
268 137
150 137
154 137
160 137
171 137
172 137
174 137
219 137
153 137
159 137
173 137
175 137
145 137
176 137
177 137
178 137
181 137
182 137
183 137
184 137
142 138
143 138
164 138
166 138
214 138
216 138
150 138
154 138
219 138
149 138
160 138
167 138
169 138
171 138
172 138
174 138
161 138
207 138
208 138
210 138
211 138
213 138
227 138
162 138
163 138
165 138
168 138
195 138
223 138
224 138
225 138
226 138
144 138
212 138
215 138
217 138
218 138
221 138
222 138
144 139
145 139
176 139
177 139
178 139
179 139
180 139
181 139
182 139
183 139
184 139
194 139
209 139
210 139
223 139
224 139
225 139
226 139
227 139
212 139
143 139
151 139
155 139
156 139
186 139
187 139
189 139
213 139
215 139
217 139
218 139
220 139
221 139
206 139
164 139
207 139
208 139
211 139
214 139
146 140
180 140
191 140
194 140
196 140
223 140
147 140
197 140
199 140
145 140
183 140
185 140
165 140
192 140
193 140
195 140
198 140
225 140
226 140
241 140
242 140
256 140
257 140
259 140
260 140
261 140
268 140
144 140
152 140
156 140
157 140
181 140
182 140
184 140
186 140
187 140
188 140
190 140
158 140
201 140
202 140
204 140
177 140
178 140
237 140
238 140
239 140
147 141
148 141
149 141
168 141
170 141
198 141
200 141
162 141
163 141
165 141
167 141
192 141
193 141
195 141
197 141
226 141
146 141
153 141
158 141
159 141
196 141
199 141
201 141
202 141
203 141
205 141
173 141
142 141
160 141
166 141
169 141
171 141
172 141
175 141
149 142
150 142
154 142
160 142
169 142
171 142
172 142
174 142
159 142
173 142
175 142
143 142
164 142
166 142
167 142
214 142
216 142
219 142
221 142
222 142
232 142
144 142
210 142
211 142
212 142
213 142
215 142
217 142
218 142
148 142
153 142
165 142
168 142
170 142
161 142
207 142
208 142
227 142
162 142
163 142
195 142
223 142
224 142
225 142
226 142
158 142
205 142
230 142
231 142
234 142
235 142
236 142
144 143
164 143
179 143
206 143
207 143
208 143
209 143
210 143
211 143
212 143
213 143
214 143
215 143
224 143
225 143
227 143
151 143
154 143
155 143
156 143
160 143
174 143
189 143
217 143
218 143
219 143
220 143
221 143
222 143
229 143
230 143
232 143
233 143
235 143
236 143
161 143
166 143
216 143
150 143
149 143
167 143
169 143
171 143
172 143
145 143
181 143
182 143
184 143
186 143
187 143
145 144
176 144
177 144
178 144
179 144
180 144
181 144
182 144
183 144
184 144
194 144
209 144
210 144
223 144
224 144
225 144
226 144
227 144
212 144
206 144
151 144
155 144
156 144
186 144
187 144
189 144
213 144
215 144
217 144
218 144
220 144
221 144
146 144
152 144
157 144
185 144
188 144
190 144
229 144
158 144
204 144
228 144
230 144
233 144
234 144
236 144
238 144
239 144
154 144
219 144
222 144
160 144
174 144
232 144
235 144
164 144
207 144
208 144
211 144
214 144
150 144
216 144
146 145
156 145
177 145
178 145
180 145
182 145
183 145
185 145
191 145
194 145
196 145
223 145
237 145
238 145
239 145
176 145
179 145
181 145
184 145
209 145
210 145
224 145
225 145
226 145
227 145
152 145
157 145
186 145
187 145
188 145
190 145
147 145
158 145
197 145
199 145
201 145
202 145
204 145
151 145
155 145
189 145
220 145
221 145
228 145
229 145
230 145
233 145
234 145
236 145
212 145
213 145
215 145
217 145
218 145
156 146
177 146
178 146
180 146
182 146
183 146
185 146
191 146
194 146
196 146
223 146
237 146
238 146
239 146
147 146
165 146
192 146
193 146
195 146
197 146
198 146
199 146
225 146
226 146
241 146
242 146
256 146
257 146
259 146
260 146
261 146
268 146
152 146
157 146
158 146
188 146
201 146
204 146
187 146
190 146
228 146
202 146
159 146
160 146
175 146
203 146
205 146
230 146
231 146
233 146
234 146
235 146
264 146
265 146
267 146
181 146
184 146
186 146
148 146
153 146
200 146
195 147
196 147
197 147
198 147
199 147
148 147
200 147
165 147
180 147
191 147
192 147
193 147
194 147
223 147
225 147
226 147
241 147
242 147
256 147
257 147
259 147
260 147
261 147
268 147
158 147
201 147
202 147
153 147
159 147
203 147
152 147
157 147
204 147
205 147
149 147
168 147
170 147
173 147
160 147
175 147
231 147
162 147
163 147
167 147
156 147
190 147
228 147
230 147
233 147
234 147
235 147
264 147
265 147
267 147
183 147
185 147
188 147
172 147
149 148
153 148
159 148
170 148
173 148
200 148
203 148
158 148
160 148
172 148
175 148
202 148
205 148
231 148
165 148
167 148
168 148
198 148
195 148
197 148
196 148
199 148
201 148
162 148
163 148
192 148
193 148
226 148
166 148
169 148
171 148
153 149
158 149
159 149
160 149
170 149
172 149
173 149
175 149
200 149
202 149
203 149
205 149
231 149
150 149
154 149
169 149
171 149
174 149
221 149
222 149
230 149
232 149
234 149
235 149
236 149
162 149
163 149
165 149
167 149
168 149
195 149
226 149
164 149
166 149
198 149
214 149
216 149
219 149
192 149
193 149
197 149
161 149
210 149
211 149
223 149
224 149
225 149
227 149
154 150
160 150
171 150
174 150
216 150
219 150
218 150
221 150
222 150
232 150
158 150
159 150
169 150
172 150
173 150
175 150
205 150
230 150
231 150
234 150
235 150
236 150
214 150
164 150
166 150
167 150
210 150
211 150
212 150
213 150
215 150
217 150
155 151
156 151
186 151
189 151
217 151
220 151
221 151
229 151
157 151
158 151
184 151
187 151
188 151
190 151
204 151
228 151
230 151
233 151
234 151
236 151
238 151
239 151
215 151
218 151
179 151
181 151
182 151
209 151
210 151
212 151
213 151
154 151
160 151
174 151
219 151
222 151
232 151
235 151
157 152
183 152
185 152
188 152
158 152
194 152
196 152
197 152
199 152
201 152
202 152
204 152
156 152
187 152
190 152
228 152
180 152
181 152
182 152
184 152
186 152
159 152
160 152
175 152
203 152
205 152
230 152
231 152
233 152
234 152
235 152
242 152
264 152
265 152
267 152
268 152
159 153
168 153
170 153
173 153
198 153
200 153
203 153
158 153
160 153
172 153
175 153
202 153
205 153
231 153
195 153
196 153
197 153
199 153
201 153
165 153
166 153
167 153
169 153
171 153
160 154
171 154
174 154
221 154
222 154
232 154
214 154
216 154
219 154
215 154
217 154
218 154
155 154
156 154
189 154
220 154
229 154
230 154
233 154
235 154
236 154
158 154
159 154
169 154
172 154
173 154
175 154
205 154
231 154
234 154
164 154
166 154
167 154
210 154
211 154
212 154
213 154
156 155
186 155
189 155
217 155
220 155
221 155
160 155
174 155
215 155
218 155
219 155
222 155
229 155
230 155
232 155
233 155
235 155
236 155
179 155
181 155
182 155
184 155
187 155
209 155
210 155
212 155
213 155
157 155
158 155
188 155
190 155
204 155
228 155
234 155
238 155
239 155
157 156
158 156
187 156
188 156
190 156
204 156
228 156
238 156
239 156
177 156
178 156
180 156
182 156
183 156
185 156
191 156
194 156
196 156
223 156
237 156
201 156
184 156
186 156
189 156
220 156
221 156
229 156
230 156
233 156
234 156
236 156
217 156
160 156
174 156
215 156
218 156
219 156
222 156
232 156
235 156
159 156
175 156
199 156
202 156
203 156
205 156
231 156
242 156
264 156
265 156
267 156
268 156
181 156
179 156
209 156
210 156
212 156
213 156
158 157
183 157
185 157
188 157
194 157
196 157
197 157
199 157
201 157
202 157
204 157
190 157
228 157
230 157
233 157
234 157
187 157
159 157
160 157
175 157
203 157
205 157
231 157
235 157
242 157
264 157
265 157
267 157
268 157
184 157
186 157
180 157
181 157
182 157
189 157
220 157
221 157
229 157
236 157
238 157
239 157
190 158
201 158
204 158
228 158
159 158
160 158
175 158
202 158
203 158
205 158
231 158
230 158
233 158
234 158
221 158
229 158
232 158
235 158
236 158
183 158
185 158
188 158
194 158
196 158
197 158
199 158
242 158
263 158
264 158
265 158
266 158
267 158
268 158
240 158
241 158
243 158
244 158
245 158
246 158
247 158
248 158
249 158
250 158
251 158
252 158
253 158
254 158
255 158
256 158
257 158
258 158
259 158
260 158
261 158
262 158
187 158
170 158
172 158
173 158
200 158
169 158
171 158
174 158
222 158
195 158
198 158
184 158
186 158
189 158
220 158
238 158
239 158
160 159
165 159
166 159
167 159
168 159
169 159
170 159
171 159
172 159
173 159
175 159
198 159
200 159
203 159
199 159
201 159
202 159
205 159
231 159
230 159
234 159
235 159
174 159
221 159
222 159
232 159
236 159
190 159
204 159
228 159
233 159
242 159
264 159
265 159
267 159
268 159
195 159
196 159
197 159
165 160
166 160
167 160
168 160
169 160
170 160
171 160
172 160
173 160
175 160
174 160
216 160
218 160
219 160
221 160
222 160
232 160
205 160
230 160
231 160
234 160
235 160
236 160
190 160
199 160
201 160
202 160
203 160
204 160
228 160
233 160
242 160
264 160
265 160
267 160
268 160
200 160
189 160
215 160
217 160
220 160
229 160
164 160
214 160
164 161
208 161
162 161
163 161
165 161
166 161
210 161
211 161
227 161
207 161
213 161
214 161
216 161
167 161
168 161
169 161
195 161
223 161
224 161
225 161
226 161
163 162
165 162
167 162
168 162
170 162
192 162
193 162
195 162
197 162
198 162
200 162
226 162
164 162
208 162
166 162
169 162
210 162
211 162
223 162
224 162
225 162
227 162
193 163
165 163
167 163
168 163
170 163
192 163
195 163
197 163
198 163
200 163
226 163
164 163
166 163
169 163
210 163
211 163
223 163
224 163
225 163
227 163
166 164
210 164
211 164
227 164
208 164
179 164
206 164
207 164
209 164
212 164
213 164
214 164
215 164
224 164
225 164
165 164
167 164
168 164
169 164
195 164
223 164
226 164
216 164
171 164
172 164
174 164
219 164
166 165
167 165
168 165
169 165
170 165
171 165
172 165
173 165
175 165
195 165
210 165
211 165
223 165
224 165
225 165
226 165
227 165
180 165
191 165
192 165
193 165
194 165
196 165
197 165
198 165
199 165
241 165
242 165
256 165
257 165
259 165
260 165
261 165
268 165
200 165
167 166
169 166
171 166
172 166
174 166
214 166
216 166
219 166
168 166
170 166
173 166
175 166
210 166
211 166
227 166
195 166
223 166
224 166
225 166
226 166
207 166
208 166
213 166
168 167
169 167
171 167
172 167
174 167
214 167
216 167
219 167
170 167
195 167
210 167
211 167
223 167
224 167
225 167
226 167
227 167
173 167
175 167
192 167
193 167
197 167
198 167
200 167
169 168
170 168
173 168
198 168
200 168
203 168
195 168
210 168
211 168
223 168
224 168
225 168
226 168
227 168
192 168
193 168
197 168
171 168
172 168
175 168
171 169
172 169
174 169
214 169
216 169
219 169
195 169
210 169
211 169
223 169
224 169
225 169
226 169
227 169
173 169
175 169
170 169
205 169
221 169
222 169
230 169
231 169
232 169
234 169
235 169
236 169
198 170
200 170
172 170
173 170
175 170
203 170
192 170
193 170
195 170
197 170
226 170
202 170
205 170
231 170
171 170
172 171
174 171
216 171
219 171
218 171
221 171
222 171
232 171
173 171
175 171
214 171
205 171
230 171
231 171
234 171
235 171
236 171
174 172
173 172
175 172
205 172
221 172
222 172
230 172
231 172
232 172
234 172
235 172
236 172
214 172
216 172
219 172
200 172
202 172
203 172
175 173
174 173
205 173
221 173
222 173
230 173
231 173
232 173
234 173
235 173
236 173
200 173
202 173
203 173
198 173
189 174
215 174
217 174
218 174
219 174
220 174
221 174
222 174
229 174
230 174
232 174
233 174
235 174
236 174
175 174
205 174
231 174
234 174
216 174
214 174
205 175
231 175
221 175
222 175
230 175
232 175
234 175
235 175
236 175
200 175
202 175
203 175
190 175
199 175
201 175
204 175
228 175
233 175
242 175
264 175
265 175
267 175
268 175
177 176
178 176
179 176
180 176
181 176
182 176
183 176
184 176
194 176
209 176
210 176
223 176
224 176
225 176
226 176
227 176
206 176
212 176
207 176
178 177
179 177
180 177
181 177
182 177
183 177
184 177
194 177
209 177
210 177
223 177
224 177
225 177
226 177
227 177
206 177
207 177
185 177
191 177
196 177
237 177
238 177
239 177
180 178
179 178
181 178
182 178
183 178
184 178
194 178
209 178
210 178
223 178
224 178
225 178
226 178
227 178
185 178
191 178
196 178
237 178
238 178
239 178
192 178
181 179
209 179
210 179
212 179
206 179
224 179
207 179
180 179
182 179
183 179
184 179
194 179
223 179
225 179
226 179
227 179
208 179
211 179
213 179
214 179
215 179
186 179
187 179
189 179
217 179
218 179
220 179
221 179
181 180
182 180
183 180
184 180
191 180
192 180
193 180
194 180
195 180
196 180
197 180
198 180
199 180
223 180
225 180
226 180
241 180
242 180
256 180
257 180
259 180
260 180
261 180
268 180
185 180
209 180
210 180
224 180
227 180
237 180
238 180
239 180
186 180
187 180
188 180
190 180
206 181
209 181
210 181
212 181
224 181
182 181
184 181
183 181
194 181
223 181
225 181
226 181
227 181
186 181
187 181
189 181
213 181
215 181
217 181
218 181
220 181
221 181
185 181
188 181
190 181
183 182
184 182
185 182
186 182
187 182
188 182
190 182
191 182
194 182
196 182
223 182
237 182
238 182
239 182
209 182
210 182
224 182
225 182
226 182
227 182
189 182
212 182
213 182
215 182
217 182
218 182
220 182
221 182
194 183
223 183
185 183
184 183
186 183
187 183
188 183
190 183
196 183
197 183
199 183
201 183
202 183
204 183
209 183
210 183
224 183
225 183
226 183
227 183
191 183
237 183
238 183
239 183
186 184
187 184
185 184
188 184
190 184
189 184
209 184
210 184
212 184
213 184
215 184
217 184
218 184
220 184
221 184
194 184
223 184
224 184
225 184
226 184
227 184
204 184
228 184
229 184
230 184
233 184
234 184
236 184
238 184
239 184
188 185
201 185
204 185
194 185
196 185
187 185
190 185
228 185
186 185
197 185
199 185
202 185
191 185
223 185
237 185
238 185
239 185
187 186
189 186
217 186
220 186
221 186
229 186
188 186
190 186
209 186
210 186
212 186
213 186
215 186
218 186
204 186
228 186
230 186
233 186
234 186
236 186
238 186
239 186
188 187
189 187
190 187
204 187
220 187
221 187
228 187
229 187
230 187
233 187
234 187
236 187
238 187
239 187
201 187
209 187
210 187
212 187
213 187
215 187
217 187
218 187
189 188
190 188
204 188
220 188
221 188
228 188
229 188
230 188
233 188
234 188
236 188
238 188
239 188
201 188
194 188
196 188
197 188
199 188
202 188
190 189
204 189
220 189
221 189
228 189
229 189
230 189
233 189
234 189
236 189
238 189
239 189
217 189
215 189
218 189
219 189
222 189
232 189
235 189
209 189
210 189
212 189
213 189
201 190
204 190
228 190
230 190
233 190
234 190
220 190
221 190
229 190
236 190
238 190
239 190
199 190
202 190
203 190
205 190
231 190
235 190
242 190
264 190
265 190
267 190
268 190
192 191
194 191
193 191
195 191
196 191
223 191
197 191
198 191
199 191
225 191
226 191
241 191
242 191
256 191
257 191
259 191
260 191
261 191
268 191
237 191
238 191
239 191
194 192
193 192
195 192
197 192
198 192
226 192
196 192
199 192
223 192
225 192
241 192
242 192
256 192
257 192
259 192
260 192
261 192
268 192
200 192
195 193
194 193
196 193
197 193
198 193
199 193
223 193
225 193
226 193
241 193
242 193
256 193
257 193
259 193
260 193
261 193
268 193
200 193
196 194
223 194
237 194
238 194
239 194
197 194
199 194
201 194
202 194
204 194
195 194
198 194
225 194
226 194
241 194
242 194
256 194
257 194
259 194
260 194
261 194
268 194
209 194
210 194
224 194
227 194
197 195
198 195
226 195
196 195
199 195
200 195
223 195
225 195
210 195
211 195
224 195
227 195
201 195
202 195
203 195
205 195
241 195
242 195
256 195
257 195
259 195
260 195
261 195
268 195
223 196
237 196
238 196
239 196
197 196
199 196
198 196
201 196
202 196
204 196
225 196
226 196
241 196
242 196
256 196
257 196
259 196
260 196
261 196
268 196
200 196
203 196
205 196
198 197
199 197
200 197
201 197
202 197
203 197
205 197
223 197
225 197
226 197
241 197
242 197
256 197
257 197
259 197
260 197
261 197
268 197
204 197
200 198
226 198
199 198
201 198
202 198
203 198
205 198
223 198
225 198
241 198
242 198
256 198
257 198
259 198
260 198
261 198
268 198
200 199
201 199
202 199
203 199
205 199
223 199
225 199
226 199
241 199
242 199
256 199
257 199
259 199
260 199
261 199
268 199
204 199
228 199
230 199
231 199
233 199
234 199
235 199
264 199
265 199
267 199
226 200
201 200
202 200
203 200
205 200
231 200
202 201
204 201
203 201
205 201
228 201
230 201
231 201
233 201
234 201
235 201
242 201
264 201
265 201
267 201
268 201
204 202
203 202
205 202
228 202
230 202
231 202
233 202
234 202
235 202
242 202
264 202
265 202
267 202
268 202
205 203
204 203
228 203
230 203
231 203
233 203
234 203
235 203
242 203
264 203
265 203
267 203
268 203
228 204
205 204
230 204
231 204
233 204
234 204
235 204
242 204
264 204
265 204
267 204
268 204
220 204
221 204
229 204
236 204
238 204
239 204
221 205
222 205
230 205
231 205
232 205
234 205
235 205
236 205
228 205
233 205
242 205
264 205
265 205
267 205
268 205
207 206
210 206
208 206
211 206
209 206
212 206
224 206
213 206
214 206
215 206
225 206
227 206
210 207
208 207
211 207
209 207
212 207
213 207
214 207
215 207
224 207
225 207
227 207
216 207
210 208
211 208
213 208
214 208
216 208
227 208
209 208
212 208
215 208
224 208
225 208
210 209
223 209
224 209
225 209
226 209
227 209
212 209
211 209
213 209
214 209
215 209
217 209
218 209
220 209
221 209
211 210
213 210
214 210
216 210
227 210
212 210
215 210
217 210
218 210
219 210
221 210
222 210
224 210
225 210
223 210
226 210
220 210
212 211
213 211
214 211
215 211
216 211
217 211
218 211
219 211
221 211
222 211
227 211
224 211
225 211
223 211
226 211
224 212
213 212
214 212
215 212
216 212
217 212
218 212
219 212
221 212
222 212
225 212
227 212
220 212
215 213
217 213
218 213
220 213
221 213
214 213
216 213
227 213
219 213
222 213
224 213
225 213
216 214
219 214
215 214
217 214
218 214
221 214
222 214
227 214
224 214
225 214
217 215
218 215
221 215
220 215
224 215
225 215
227 215
216 215
219 215
222 215
229 215
230 215
232 215
233 215
235 215
236 215
217 216
218 216
219 216
221 216
222 216
232 216
227 216
220 217
221 217
229 217
218 217
219 217
222 217
230 217
232 217
233 217
235 217
236 217
219 218
221 218
222 218
220 218
229 218
230 218
232 218
233 218
235 218
236 218
221 219
222 219
232 219
220 219
229 219
230 219
233 219
235 219
236 219
221 220
222 220
229 220
230 220
232 220
233 220
235 220
236 220
228 220
234 220
238 220
239 220
229 221
222 221
230 221
232 221
233 221
235 221
236 221
231 221
234 221
228 221
238 221
239 221
232 222
230 222
235 222
236 222
231 222
234 222
229 222
233 222
225 223
226 223
237 223
238 223
239 223
224 223
227 223
241 223
242 223
256 223
257 223
259 223
260 223
261 223
268 223
225 224
226 224
227 224
227 225
226 225
241 225
242 225
256 225
257 225
259 225
260 225
261 225
268 225
227 226
241 226
242 226
256 226
257 226
259 226
260 226
261 226
268 226
230 228
233 228
234 228
229 228
231 228
232 228
235 228
236 228
242 228
264 228
265 228
267 228
268 228
238 228
239 228
230 229
232 229
233 229
235 229
236 229
231 229
234 229
238 229
239 229
232 230
233 230
235 230
236 230
231 230
234 230
242 230
264 230
265 230
267 230
268 230
238 230
239 230
232 231
234 231
235 231
236 231
233 231
242 231
264 231
265 231
267 231
268 231
233 232
235 232
236 232
234 232
234 233
236 233
238 233
239 233
235 233
242 233
264 233
265 233
267 233
268 233
235 234
236 234
238 234
239 234
242 234
264 234
265 234
267 234
268 234
236 235
242 235
264 235
265 235
267 235
268 235
238 236
239 236
238 237
239 237
239 238
245 240
246 240
247 240
268 240
249 240
250 240
248 240
251 240
243 240
244 240
241 240
252 240
253 240
242 240
254 240
255 240
256 240
257 240
258 240
259 240
260 240
261 240
262 240
263 240
264 240
265 240
266 240
267 240
251 241
252 241
253 241
254 241
255 241
268 241
256 241
257 241
258 241
259 241
248 241
249 241
242 241
260 241
261 241
243 241
244 241
245 241
246 241
247 241
250 241
262 241
263 241
264 241
265 241
266 241
267 241
259 242
260 242
261 242
268 242
262 242
263 242
265 242
266 242
264 242
267 242
243 242
244 242
245 242
246 242
247 242
248 242
249 242
250 242
251 242
252 242
253 242
254 242
255 242
256 242
257 242
258 242
244 243
245 243
268 243
246 243
247 243
248 243
249 243
250 243
251 243
252 243
253 243
254 243
255 243
256 243
257 243
258 243
259 243
260 243
261 243
262 243
263 243
264 243
265 243
266 243
267 243
245 244
246 244
247 244
268 244
248 244
249 244
250 244
251 244
252 244
253 244
254 244
255 244
256 244
257 244
258 244
259 244
260 244
261 244
262 244
263 244
264 244
265 244
266 244
267 244
268 245
246 245
247 245
248 245
249 245
250 245
251 245
252 245
253 245
254 245
255 245
256 245
257 245
258 245
259 245
260 245
261 245
262 245
263 245
264 245
265 245
266 245
267 245
247 246
268 246
248 246
249 246
250 246
251 246
252 246
253 246
254 246
255 246
256 246
257 246
258 246
259 246
260 246
261 246
262 246
263 246
264 246
265 246
266 246
267 246
248 247
249 247
250 247
251 247
268 247
252 247
253 247
254 247
255 247
256 247
257 247
258 247
259 247
260 247
261 247
262 247
263 247
264 247
265 247
266 247
267 247
249 248
251 248
268 248
252 248
253 248
250 248
254 248
255 248
256 248
257 248
258 248
259 248
260 248
261 248
262 248
263 248
264 248
265 248
266 248
267 248
250 249
251 249
252 249
253 249
254 249
255 249
256 249
257 249
258 249
259 249
260 249
261 249
262 249
263 249
264 249
265 249
266 249
267 249
268 249
268 250
251 250
252 250
253 250
254 250
255 250
256 250
257 250
258 250
259 250
260 250
261 250
262 250
263 250
264 250
265 250
266 250
267 250
268 251
252 251
253 251
254 251
255 251
256 251
257 251
258 251
259 251
260 251
261 251
262 251
263 251
264 251
265 251
266 251
267 251
253 252
268 252
254 252
255 252
256 252
257 252
258 252
259 252
260 252
261 252
262 252
263 252
264 252
265 252
266 252
267 252
254 253
255 253
268 253
257 253
258 253
256 253
259 253
260 253
261 253
262 253
263 253
264 253
265 253
266 253
267 253
255 254
268 254
257 254
258 254
256 254
259 254
260 254
261 254
262 254
263 254
264 254
265 254
266 254
267 254
256 255
257 255
258 255
259 255
260 255
261 255
262 255
263 255
264 255
265 255
266 255
267 255
268 255
257 256
258 256
259 256
268 256
260 256
261 256
262 256
263 256
264 256
265 256
266 256
267 256
258 257
259 257
268 257
260 257
261 257
262 257
263 257
264 257
265 257
266 257
267 257
268 258
259 258
260 258
261 258
262 258
263 258
264 258
265 258
266 258
267 258
260 259
261 259
268 259
262 259
263 259
264 259
265 259
266 259
267 259
261 260
268 260
262 260
263 260
264 260
265 260
266 260
267 260
268 261
262 261
263 261
265 261
266 261
264 261
267 261
263 262
268 262
265 262
266 262
264 262
267 262
264 263
265 263
266 263
267 263
268 263
265 264
266 264
267 264
268 264
266 265
267 265
268 265
268 266
267 266
268 267
