658
1 2
22 2
172 2
3 2
23 2
173 2
12 2
32 2
52 2
23 3
173 3
12 3
32 3
52 3
13 3
33 3
53 3
12 4
23 4
22 4
24 4
174 4
13 4
14 4
34 4
54 4
32 5
15 5
33 5
35 5
55 5
25 5
175 5
52 6
16 6
36 6
53 6
56 6
26 6
176 6
27 7
177 7
17 7
37 7
57 7
28 8
178 8
18 8
38 8
58 8
29 9
179 9
19 9
39 9
59 9
30 10
180 10
20 10
40 10
60 10
31 11
172 11
181 11
173 11
21 11
41 11
61 11
32 12
52 12
23 12
22 12
24 12
42 12
33 13
53 13
14 13
34 13
54 13
23 13
43 13
34 14
54 14
23 14
43 14
24 14
44 14
33 15
35 15
55 15
34 15
43 15
25 15
44 15
45 15
36 16
53 16
56 16
54 16
26 16
46 16
37 17
57 17
27 17
47 17
38 18
58 18
28 18
48 18
39 19
59 19
29 19
49 19
40 20
60 20
30 20
50 20
41 21
61 21
31 21
51 21
1 22
172 22
24 22
42 22
174 22
173 23
43 23
42 24
174 24
44 24
42 25
44 25
45 25
175 25
176 26
46 26
177 27
47 27
178 28
48 28
179 29
49 29
180 30
50 30
172 31
181 31
174 31
51 31
52 32
42 32
62 32
82 32
53 33
35 33
55 33
43 33
63 33
83 33
54 34
43 34
44 34
45 34
64 34
84 34
55 35
43 35
63 35
83 35
45 35
65 35
85 35
53 36
56 36
55 36
63 36
46 36
65 36
66 36
86 36
83 37
47 37
67 37
85 37
87 37
57 37
58 38
48 38
68 38
88 38
59 39
49 39
69 39
89 39
60 40
50 40
70 40
90 40
61 41
51 41
71 41
91 41
62 42
82 42
63 43
83 43
45 44
64 44
84 44
64 45
84 45
65 45
85 45
64 46
65 46
66 46
86 46
84 47
67 47
85 47
87 47
68 48
88 48
69 49
89 49
70 50
90 50
71 51
91 51
62 52
72 52
92 52
112 52
56 53
63 53
73 53
93 53
113 53
64 54
74 54
94 54
114 54
63 55
65 55
66 55
75 55
95 55
115 55
63 56
73 56
93 56
113 56
66 56
76 56
96 56
116 56
73 57
67 57
76 57
77 57
97 57
117 57
93 58
68 58
78 58
96 58
98 58
118 58
113 59
69 59
79 59
99 59
116 59
119 59
70 60
80 60
100 60
120 60
71 61
81 61
101 61
121 61
82 62
72 62
92 62
112 62
83 63
73 63
93 63
113 63
84 64
74 64
94 64
114 64
85 65
66 65
75 65
95 65
115 65
86 65
75 66
95 66
115 66
86 66
76 66
96 66
116 66
75 67
86 67
85 67
87 67
76 67
77 67
97 67
117 67
95 68
78 68
96 68
98 68
118 68
88 68
115 69
79 69
99 69
116 69
119 69
89 69
90 70
80 70
100 70
120 70
91 71
81 71
101 71
121 71
92 72
112 72
82 72
102 72
93 73
113 73
83 73
103 73
94 74
114 74
84 74
104 74
95 75
115 75
86 75
85 75
87 75
105 75
96 76
116 76
77 76
97 76
117 76
86 76
106 76
97 77
117 77
86 77
106 77
87 77
107 77
96 78
98 78
118 78
97 78
106 78
88 78
107 78
108 78
99 79
116 79
119 79
117 79
89 79
109 79
100 80
120 80
90 80
110 80
101 81
121 81
91 81
111 81
102 82
103 83
104 84
87 85
105 85
106 86
105 87
107 87
105 88
107 88
108 88
109 89
110 90
111 91
112 92
102 92
122 92
142 92
113 93
103 93
123 93
143 93
114 94
104 94
124 94
144 94
115 95
105 95
125 95
145 95
116 96
98 96
118 96
106 96
126 96
146 96
117 97
106 97
107 97
108 97
127 97
147 97
118 98
106 98
126 98
146 98
108 98
128 98
148 98
116 99
119 99
118 99
126 99
109 99
128 99
129 99
149 99
146 100
110 100
130 100
148 100
150 100
120 100
121 101
111 101
131 101
151 101
122 102
142 102
123 103
143 103
124 104
144 104
125 105
145 105
126 106
146 106
108 107
127 107
147 107
127 108
147 108
128 108
148 108
127 109
128 109
129 109
149 109
147 110
130 110
148 110
150 110
131 111
151 111
122 112
132 112
152 112
123 113
133 113
153 113
124 114
134 114
154 114
125 115
135 115
155 115
119 116
126 116
136 116
156 116
127 117
137 117
157 117
126 118
128 118
129 118
138 118
158 118
126 119
136 119
156 119
129 119
139 119
159 119
136 120
130 120
139 120
140 120
160 120
156 121
131 121
141 121
159 121
161 121
142 122
132 122
152 122
143 123
133 123
153 123
144 124
134 124
154 124
145 125
135 125
155 125
146 126
136 126
156 126
147 127
137 127
157 127
148 128
129 128
138 128
158 128
149 128
138 129
158 129
149 129
139 129
159 129
138 130
149 130
148 130
150 130
139 130
140 130
160 130
158 131
141 131
159 131
161 131
151 131
152 132
142 132
162 132
153 133
143 133
163 133
154 134
144 134
164 134
155 135
145 135
165 135
156 136
146 136
166 136
157 137
147 137
167 137
158 138
149 138
148 138
150 138
168 138
159 139
140 139
160 139
149 139
169 139
160 140
149 140
169 140
150 140
170 140
159 141
161 141
160 141
169 141
151 141
170 141
171 141
162 142
163 143
164 144
165 145
166 146
167 147
150 148
168 148
169 149
168 150
170 150
168 151
170 151
171 151
179 152
162 152
172 152
181 152
163 153
173 153
164 154
174 154
165 155
175 155
166 156
176 156
167 157
177 157
168 158
178 158
161 159
169 159
179 159
169 160
170 160
171 160
180 160
169 161
179 161
171 161
181 161
172 162
181 162
180 162
173 163
174 164
175 165
176 166
177 167
178 168
179 169
171 170
180 170
180 171
181 171
1 172
181 172
