1200
128 2
132 2
135 2
136 2
95 3
103 3
106 3
107 3
311 4
315 4
318 4
319 4
368 5
371 5
377 5
378 5
38 6
42 6
45 6
46 6
99 7
102 7
108 7
109 7
214 8
218 8
221 8
222 8
363 9
380 9
383 9
384 9
127 10
138 10
141 10
142 10
62 11
70 11
73 11
74 11
170 12
174 12
177 12
178 12
367 13
379 13
385 13
386 13
37 14
48 14
51 14
52 14
66 15
69 15
75 15
76 15
267 16
271 16
274 16
275 16
94 17
111 17
114 17
115 17
310 18
321 18
324 18
325 18
61 19
78 19
81 19
82 19
169 20
180 20
183 20
184 20
98 21
110 21
116 21
117 21
213 22
224 22
227 22
228 22
65 23
77 23
83 23
84 23
266 24
277 24
280 24
281 24
131 25
144 25
147 25
148 25
41 26
54 26
57 26
58 26
314 27
327 27
330 27
331 27
217 28
230 28
233 28
234 28
137 29
143 29
149 29
150 29
47 30
53 30
59 30
60 30
173 31
186 31
189 31
190 31
270 32
283 32
286 32
287 32
320 33
326 33
332 33
333 33
223 34
229 34
235 34
236 34
179 35
185 35
191 35
192 35
276 36
282 36
288 36
289 36
48 37
51 37
52 37
42 38
45 38
46 38
100 39
120 39
122 39
123 39
67 40
87 40
89 40
90 40
54 41
57 41
58 41
45 42
46 42
105 43
119 43
124 43
125 43
317 44
335 44
338 44
339 44
46 45
53 47
59 47
60 47
51 48
52 48
72 49
86 49
91 49
92 49
176 50
194 50
197 50
198 50
52 51
59 53
60 53
57 54
58 54
328 55
336 55
340 55
341 55
187 56
195 56
199 56
200 56
58 57
60 59
78 61
81 61
82 61
70 62
73 62
74 62
130 63
153 63
155 63
156 63
313 64
345 64
347 64
348 64
77 65
83 65
84 65
69 66
75 66
76 66
87 67
89 67
90 67
216 68
239 68
241 68
242 68
75 69
76 69
73 70
74 70
139 71
152 71
157 71
158 71
86 72
91 72
92 72
74 73
76 75
83 77
84 77
81 78
82 78
322 79
344 79
349 79
350 79
225 80
238 80
243 80
244 80
82 81
84 83
429 85
432 85
435 85
436 85
91 86
92 86
89 87
90 87
337 88
346 88
352 88
353 88
90 89
92 91
506 93
510 93
513 93
514 93
111 94
114 94
115 94
103 95
106 95
107 95
129 96
162 96
164 96
165 96
172 97
204 97
206 97
207 97
110 98
116 98
117 98
102 99
108 99
109 99
120 100
122 100
123 100
269 101
292 101
294 101
295 101
108 102
109 102
106 103
107 103
133 104
161 104
166 104
167 104
119 105
124 105
125 105
107 106
109 108
116 110
117 110
114 111
115 111
181 112
203 112
208 112
209 112
278 113
291 113
296 113
297 113
115 114
117 116
427 118
438 118
441 118
442 118
124 119
125 119
122 120
123 120
196 121
205 121
211 121
212 121
123 122
125 124
505 126
516 126
519 126
520 126
138 127
141 127
142 127
132 128
135 128
136 128
162 129
164 129
165 129
153 130
155 130
156 130
144 131
147 131
148 131
135 132
136 132
161 133
166 133
167 133
220 134
247 134
250 134
251 134
136 135
143 137
149 137
150 137
141 138
142 138
152 139
157 139
158 139
273 140
300 140
303 140
304 140
142 141
149 143
150 143
147 144
148 144
231 145
248 145
252 145
253 145
284 146
301 146
305 146
306 146
148 147
150 149
431 151
445 151
447 151
448 151
157 152
158 152
155 153
156 153
240 154
249 154
255 154
256 154
156 155
158 157
509 159
522 159
525 159
526 159
437 160
443 160
449 160
450 160
166 161
167 161
164 162
165 162
293 163
302 163
308 163
309 163
165 164
167 166
515 168
521 168
527 168
528 168
180 169
183 169
184 169
174 170
177 170
178 170
366 171
389 171
391 171
392 171
204 172
206 172
207 172
186 173
189 173
190 173
177 174
178 174
381 175
388 175
393 175
394 175
194 176
197 176
198 176
178 177
185 179
191 179
192 179
183 180
184 180
203 181
208 181
209 181
226 182
258 182
261 182
262 182
184 183
191 185
192 185
189 186
190 186
195 187
199 187
200 187
232 188
259 188
263 188
264 188
190 189
192 191
430 193
452 193
455 193
456 193
197 194
198 194
199 195
200 195
205 196
211 196
212 196
198 197
200 199
508 201
531 201
533 201
534 201
439 202
453 202
457 202
458 202
208 203
209 203
206 204
207 204
211 205
212 205
207 206
209 208
517 210
530 210
535 210
536 210
212 211
224 213
227 213
228 213
218 214
221 214
222 214
369 215
398 215
400 215
401 215
239 216
241 216
242 216
230 217
233 217
234 217
221 218
222 218
374 219
397 219
402 219
403 219
247 220
250 220
251 220
222 221
229 223
235 223
236 223
227 224
228 224
238 225
243 225
244 225
258 226
261 226
262 226
228 227
235 229
236 229
233 230
234 230
248 231
252 231
253 231
259 232
263 232
264 232
234 233
236 235
434 237
462 237
464 237
465 237
243 238
244 238
241 239
242 239
249 240
255 240
256 240
242 241
244 243
512 245
539 245
542 245
543 245
444 246
461 246
466 246
467 246
250 247
251 247
252 248
253 248
255 249
256 249
251 250
253 252
523 254
540 254
544 254
545 254
256 255
454 257
463 257
469 257
470 257
261 258
262 258
263 259
264 259
390 260
399 260
405 260
406 260
262 261
264 263
532 265
541 265
547 265
548 265
277 266
280 266
281 266
271 267
274 267
275 267
370 268
409 268
411 268
412 268
292 269
294 269
295 269
283 270
286 270
287 270
274 271
275 271
382 272
408 272
413 272
414 272
300 273
303 273
304 273
275 274
282 276
288 276
289 276
280 277
281 277
291 278
296 278
297 278
323 279
355 279
358 279
359 279
281 280
288 282
289 282
286 283
287 283
301 284
305 284
306 284
329 285
356 285
360 285
361 285
287 286
289 288
440 290
473 290
475 290
476 290
296 291
297 291
294 292
295 292
302 293
308 293
309 293
295 294
297 296
518 298
550 298
553 298
554 298
446 299
472 299
477 299
478 299
303 300
304 300
305 301
306 301
308 302
309 302
304 303
306 305
524 307
551 307
555 307
556 307
309 308
321 310
324 310
325 310
315 311
318 311
319 311
365 312
418 312
420 312
421 312
345 313
347 313
348 313
327 314
330 314
331 314
318 315
319 315
373 316
417 316
422 316
423 316
335 317
338 317
339 317
319 318
326 320
332 320
333 320
324 321
325 321
344 322
349 322
350 322
355 323
358 323
359 323
325 324
332 326
333 326
330 327
331 327
336 328
340 328
341 328
356 329
360 329
361 329
331 330
333 332
428 334
481 334
484 334
485 334
338 335
339 335
340 336
341 336
346 337
352 337
353 337
339 338
341 340
507 342
560 342
562 342
563 342
433 343
482 343
486 343
487 343
349 344
350 344
347 345
348 345
352 346
353 346
348 347
350 349
511 351
559 351
564 351
565 351
353 352
474 354
483 354
489 354
490 354
358 355
359 355
360 356
361 356
410 357
419 357
425 357
426 357
359 358
361 360
552 362
561 362
567 362
568 362
380 363
383 363
384 363
1 364
372 364
375 364
376 364
418 365
420 365
421 365
389 366
391 366
392 366
379 367
385 367
386 367
371 368
377 368
378 368
398 369
400 369
401 369
409 370
411 370
412 370
377 371
378 371
1 372
375 372
376 372
417 373
422 373
423 373
397 374
402 374
403 374
1 375
376 375
1 376
378 377
385 379
386 379
383 380
384 380
388 381
393 381
394 381
408 382
413 382
414 382
384 383
386 385
451 387
493 387
495 387
496 387
393 388
394 388
391 389
392 389
399 390
405 390
406 390
392 391
394 393
529 395
571 395
573 395
574 395
460 396
492 396
497 396
498 396
402 397
403 397
400 398
401 398
405 399
406 399
401 400
403 402
538 404
570 404
575 404
576 404
406 405
471 407
494 407
500 407
501 407
413 408
414 408
411 409
412 409
419 410
425 410
426 410
412 411
414 413
549 415
572 415
578 415
579 415
480 416
491 416
502 416
503 416
422 417
423 417
420 418
421 418
425 419
426 419
421 420
423 422
558 424
569 424
580 424
581 424
426 425
438 427
441 427
442 427
481 428
484 428
485 428
432 429
435 429
436 429
452 430
455 430
456 430
445 431
447 431
448 431
435 432
436 432
482 433
486 433
487 433
462 434
464 434
465 434
436 435
443 437
449 437
450 437
441 438
442 438
453 439
457 439
458 439
473 440
475 440
476 440
442 441
449 443
450 443
461 444
466 444
467 444
447 445
448 445
472 446
477 446
478 446
448 447
450 449
493 451
495 451
496 451
455 452
456 452
457 453
458 453
463 454
469 454
470 454
456 455
458 457
537 459
584 459
587 459
588 459
492 460
497 460
498 460
466 461
467 461
464 462
465 462
469 463
470 463
465 464
467 466
546 468
585 468
589 468
590 468
470 469
494 471
500 471
501 471
477 472
478 472
475 473
476 473
483 474
489 474
490 474
476 475
478 477
557 479
586 479
592 479
593 479
491 480
502 480
503 480
484 481
485 481
486 482
487 482
489 483
490 483
485 484
487 486
566 488
583 488
594 488
595 488
490 489
502 491
503 491
497 492
498 492
495 493
496 493
500 494
501 494
496 495
498 497
577 499
591 499
597 499
598 499
501 500
503 502
582 504
596 504
599 504
600 504
516 505
519 505
520 505
510 506
513 506
514 506
560 507
562 507
563 507
531 508
533 508
534 508
522 509
525 509
526 509
513 510
514 510
559 511
564 511
565 511
539 512
542 512
543 512
514 513
521 515
527 515
528 515
519 516
520 516
530 517
535 517
536 517
550 518
553 518
554 518
520 519
527 521
528 521
525 522
526 522
540 523
544 523
545 523
551 524
555 524
556 524
526 525
528 527
571 529
573 529
574 529
535 530
536 530
533 531
534 531
541 532
547 532
548 532
534 533
536 535
584 537
587 537
588 537
570 538
575 538
576 538
542 539
543 539
544 540
545 540
547 541
548 541
543 542
545 544
585 546
589 546
590 546
548 547
572 549
578 549
579 549
553 550
554 550
555 551
556 551
561 552
567 552
568 552
554 553
556 555
586 557
592 557
593 557
569 558
580 558
581 558
564 559
565 559
562 560
563 560
567 561
568 561
563 562
565 564
583 566
594 566
595 566
568 567
580 569
581 569
575 570
576 570
573 571
574 571
578 572
579 572
574 573
576 575
591 577
597 577
598 577
579 578
581 580
596 582
599 582
600 582
594 583
595 583
587 584
588 584
589 585
590 585
592 586
593 586
588 587
590 589
597 591
598 591
593 592
595 594
599 596
600 596
598 597
600 599
