9735
1 2
3 2
13 2
14 2
15 2
4 2
16 2
43 2
44 2
837 2
838 2
839 2
840 2
841 2
842 2
45 2
18 2
4 3
14 3
15 3
16 3
18 3
44 3
45 3
5 3
17 3
42 3
1 3
13 3
43 3
5 4
15 4
16 4
17 4
14 4
18 4
44 4
45 4
42 4
16 5
17 5
15 5
18 5
42 5
45 5
7 6
35 6
36 6
8 6
37 6
33 6
34 6
51 6
8 7
35 7
36 7
37 7
9 7
38 7
33 7
34 7
51 7
52 7
9 8
36 8
37 8
38 8
10 8
39 8
35 8
33 8
34 8
51 8
52 8
53 8
10 9
37 9
38 9
39 9
11 9
40 9
34 9
36 9
51 9
52 9
53 9
54 9
37 10
38 10
39 10
51 10
52 10
53 10
11 10
40 10
54 10
12 10
41 10
55 10
12 11
40 11
41 11
54 11
55 11
744 11
745 11
746 11
747 11
748 11
749 11
39 11
38 11
52 11
53 11
40 12
41 12
744 12
745 12
746 12
747 12
39 12
53 12
54 12
55 12
748 12
749 12
1 13
43 13
837 13
839 13
841 13
14 13
15 13
44 13
838 13
840 13
842 13
45 13
56 13
843 13
844 13
57 13
15 14
43 14
44 14
45 14
56 14
57 14
16 14
18 14
19 14
46 14
1 14
837 14
838 14
839 14
840 14
841 14
842 14
843 14
844 14
16 15
18 15
44 15
45 15
17 15
42 15
19 15
20 15
46 15
43 15
56 15
57 15
1 15
17 16
18 16
19 16
20 16
42 16
45 16
46 16
44 16
57 16
18 17
42 17
19 17
20 17
45 17
46 17
19 18
20 18
42 18
45 18
46 18
21 18
22 18
47 18
44 18
57 18
58 18
20 19
21 19
22 19
42 19
23 19
24 19
46 19
47 19
45 19
44 19
57 19
58 19
48 19
42 20
21 20
22 20
45 20
46 20
47 20
23 20
24 20
22 21
23 21
24 21
46 21
47 21
25 21
26 21
48 21
45 21
57 21
58 21
42 21
23 22
24 22
42 22
45 22
46 22
47 22
25 22
26 22
48 22
24 23
25 23
26 23
47 23
48 23
27 23
28 23
46 23
58 23
49 23
59 23
25 24
26 24
47 24
48 24
27 24
28 24
46 24
26 25
27 25
28 25
29 25
30 25
48 25
49 25
47 25
58 25
59 25
47 26
48 26
27 26
28 26
29 26
30 26
49 26
28 27
29 27
30 27
48 27
49 27
31 27
32 27
50 27
47 27
58 27
59 27
29 28
30 28
48 28
49 28
31 28
32 28
50 28
30 29
31 29
32 29
33 29
34 29
49 29
50 29
51 29
48 29
59 29
60 29
31 30
32 30
49 30
50 30
48 30
33 30
34 30
51 30
32 31
33 31
34 31
35 31
36 31
37 31
50 31
51 31
49 31
34 32
36 32
37 32
38 32
50 32
51 32
52 32
60 32
33 32
49 32
35 32
48 32
59 32
34 33
35 33
36 33
37 33
50 33
51 33
49 33
49 34
50 34
51 34
59 34
60 34
35 34
36 34
37 34
38 34
52 34
36 35
37 35
50 35
51 35
37 36
51 36
50 36
38 36
52 36
60 36
38 37
51 37
52 37
39 37
53 37
50 37
60 37
61 37
39 38
40 38
51 38
52 38
53 38
54 38
50 38
60 38
61 38
40 39
52 39
53 39
54 39
41 39
55 39
51 39
60 39
61 39
62 39
52 40
53 40
54 40
61 40
41 40
55 40
62 40
746 40
747 40
748 40
749 40
750 40
751 40
744 40
745 40
54 41
55 41
744 41
745 41
746 41
747 41
748 41
749 41
53 41
61 41
62 41
750 41
751 41
45 42
46 42
47 42
44 43
56 43
57 43
63 43
64 43
841 43
842 43
843 43
844 43
845 43
846 43
1 43
837 43
839 43
838 43
840 43
45 43
1 44
45 44
56 44
57 44
63 44
64 44
841 44
842 44
843 44
844 44
845 44
846 44
837 44
838 44
839 44
840 44
46 44
58 44
65 44
46 45
1 45
56 45
57 45
47 45
58 45
63 45
64 45
65 45
56 46
57 46
58 46
63 46
64 46
65 46
47 46
48 46
59 46
66 46
57 47
58 47
48 47
49 47
59 47
64 47
65 47
66 47
49 48
58 48
59 48
50 48
57 48
64 48
65 48
66 48
60 48
67 48
58 49
59 49
50 49
51 49
60 49
65 49
66 49
67 49
51 50
59 50
60 50
52 50
58 50
65 50
66 50
67 50
61 50
68 50
59 51
60 51
52 51
53 51
61 51
66 51
67 51
68 51
53 52
54 52
60 52
61 52
59 52
66 52
67 52
68 52
62 52
69 52
54 53
61 53
55 53
62 53
60 53
67 53
68 53
69 53
55 54
744 54
745 54
746 54
747 54
748 54
749 54
61 54
62 54
750 54
751 54
60 54
67 54
68 54
69 54
752 54
753 54
61 55
62 55
745 55
747 55
749 55
746 55
748 55
750 55
751 55
69 55
752 55
753 55
744 55
68 55
57 56
63 56
64 56
70 56
71 56
843 56
844 56
845 56
846 56
847 56
848 56
58 56
65 56
72 56
841 56
842 56
839 56
840 56
58 57
63 57
64 57
65 57
70 57
71 57
843 57
844 57
845 57
846 57
847 57
848 57
72 57
59 57
66 57
73 57
841 57
842 57
59 58
60 58
65 58
66 58
67 58
72 58
73 58
74 58
63 58
64 58
70 58
71 58
60 59
65 59
66 59
67 59
61 59
68 59
64 59
71 59
72 59
73 59
74 59
75 59
61 60
62 60
67 60
68 60
69 60
74 60
75 60
76 60
66 60
65 60
72 60
73 60
62 61
67 61
68 61
69 61
748 61
749 61
750 61
751 61
752 61
753 61
66 61
73 61
74 61
75 61
76 61
754 61
755 61
747 62
749 62
751 62
67 62
68 62
69 62
748 62
750 62
752 62
753 62
76 62
754 62
746 62
755 62
74 62
75 62
842 63
844 63
846 63
70 63
843 63
845 63
847 63
848 63
64 63
71 63
65 63
72 63
77 63
78 63
849 63
850 63
79 63
841 63
841 64
842 64
843 64
844 64
845 64
846 64
65 64
66 64
70 64
71 64
847 64
848 64
72 64
73 64
77 64
78 64
849 64
850 64
79 64
80 64
66 65
71 65
72 65
73 65
67 65
74 65
70 65
77 65
78 65
79 65
80 65
81 65
71 66
72 66
73 66
67 66
74 66
68 66
75 66
78 66
79 66
80 66
81 66
82 66
68 67
73 67
74 67
75 67
69 67
76 67
72 67
79 67
80 67
81 67
82 67
83 67
69 68
73 68
74 68
75 68
76 68
750 68
751 68
752 68
753 68
754 68
755 68
80 68
81 68
82 68
83 68
756 68
757 68
748 68
749 68
748 69
750 69
752 69
74 69
75 69
76 69
749 69
751 69
753 69
754 69
755 69
83 69
756 69
757 69
81 69
82 69
71 70
77 70
78 70
845 70
846 70
847 70
848 70
849 70
850 70
72 70
79 70
84 70
85 70
851 70
852 70
86 70
843 70
844 70
72 71
77 71
78 71
79 71
84 71
85 71
86 71
73 71
80 71
87 71
845 71
846 71
847 71
848 71
849 71
850 71
843 71
844 71
851 71
852 71
73 72
74 72
78 72
79 72
80 72
81 72
77 72
84 72
85 72
86 72
87 72
88 72
78 73
79 73
80 73
85 73
86 73
87 73
74 73
81 73
88 73
75 73
82 73
89 73
79 74
80 74
81 74
75 74
76 74
82 74
83 74
86 74
87 74
88 74
89 74
90 74
80 75
81 75
82 75
87 75
88 75
89 75
76 75
83 75
90 75
754 75
755 75
756 75
757 75
758 75
759 75
750 75
751 75
752 75
753 75
83 76
753 76
755 76
757 76
90 76
754 76
756 76
758 76
759 76
82 76
752 76
81 76
750 76
751 76
88 76
89 76
78 77
84 77
85 77
847 77
848 77
849 77
850 77
851 77
852 77
79 77
86 77
91 77
92 77
853 77
854 77
846 77
93 77
845 77
79 78
80 78
85 78
86 78
87 78
92 78
93 78
94 78
84 78
847 78
848 78
849 78
850 78
851 78
852 78
845 78
846 78
91 78
853 78
854 78
84 79
85 79
86 79
80 79
81 79
87 79
88 79
91 79
92 79
93 79
94 79
95 79
85 80
86 80
87 80
92 80
93 80
94 80
81 80
82 80
88 80
95 80
89 80
96 80
82 81
87 81
88 81
89 81
83 81
86 81
90 81
93 81
94 81
95 81
96 81
97 81
83 82
89 82
90 82
754 82
755 82
756 82
757 82
758 82
759 82
87 82
88 82
94 82
95 82
96 82
97 82
760 82
761 82
752 82
753 82
90 83
755 83
757 83
759 83
89 83
754 83
756 83
758 83
88 83
95 83
96 83
97 83
760 83
752 83
753 83
761 83
91 84
849 84
851 84
853 84
850 84
852 84
854 84
98 84
855 84
85 84
86 84
856 84
847 84
848 84
92 84
93 84
99 84
100 84
86 85
87 85
92 85
93 85
94 85
99 85
100 85
101 85
91 85
847 85
848 85
849 85
850 85
851 85
852 85
98 85
853 85
854 85
855 85
856 85
87 86
92 86
93 86
94 86
88 86
95 86
91 86
98 86
99 86
100 86
101 86
102 86
88 87
93 87
94 87
95 87
100 87
101 87
102 87
89 87
96 87
103 87
92 87
99 87
89 88
90 88
94 88
95 88
96 88
97 88
93 88
100 88
101 88
102 88
103 88
104 88
90 89
95 89
96 89
97 89
754 89
755 89
756 89
757 89
758 89
759 89
760 89
761 89
94 89
101 89
102 89
103 89
104 89
762 89
763 89
95 90
96 90
97 90
756 90
757 90
758 90
759 90
760 90
761 90
102 90
103 90
104 90
762 90
763 90
754 90
755 90
849 91
851 91
853 91
850 91
852 91
854 91
98 91
855 91
856 91
105 91
857 91
92 91
99 91
93 91
100 91
858 91
106 91
107 91
108 91
93 92
94 92
99 92
100 92
101 92
108 92
109 92
110 92
98 92
851 92
852 92
853 92
854 92
855 92
856 92
105 92
106 92
857 92
858 92
849 92
850 92
107 92
94 93
99 93
100 93
101 93
95 93
102 93
98 93
106 93
107 93
108 93
109 93
110 93
111 93
112 93
95 94
96 94
101 94
102 94
103 94
112 94
113 94
114 94
99 94
100 94
108 94
109 94
110 94
111 94
96 95
101 95
102 95
103 95
97 95
104 95
100 95
110 95
111 95
112 95
113 95
114 95
115 95
116 95
97 96
103 96
104 96
116 96
117 96
760 96
761 96
762 96
763 96
764 96
765 96
102 96
756 96
757 96
758 96
759 96
101 96
112 96
113 96
114 96
115 96
102 97
103 97
104 97
758 97
759 97
760 97
761 97
762 97
763 97
114 97
115 97
116 97
117 97
764 97
765 97
756 97
757 97
99 98
105 98
106 98
853 98
854 98
855 98
856 98
857 98
858 98
100 98
107 98
108 98
118 98
119 98
859 98
860 98
120 98
851 98
852 98
100 99
106 99
107 99
108 99
101 99
109 99
110 99
105 99
118 99
119 99
120 99
121 99
122 99
123 99
124 99
853 99
854 99
855 99
856 99
857 99
858 99
851 99
852 99
101 100
108 100
109 100
110 100
102 100
111 100
112 100
107 100
122 100
123 100
124 100
125 100
126 100
127 100
106 100
110 101
111 101
112 101
127 101
128 101
129 101
102 101
113 101
130 101
108 101
109 101
103 101
114 101
125 101
126 101
103 102
104 102
112 102
113 102
114 102
115 102
116 102
111 102
128 102
129 102
130 102
131 102
132 102
133 102
134 102
110 102
104 103
114 103
115 103
116 103
117 103
760 103
761 103
762 103
763 103
764 103
765 103
113 103
132 103
133 103
134 103
135 103
136 103
758 103
759 103
112 103
115 104
116 104
117 104
134 104
135 104
136 104
762 104
763 104
764 104
765 104
766 104
767 104
758 104
760 104
114 104
759 104
761 104
106 105
118 105
119 105
137 105
138 105
857 105
858 105
859 105
860 105
861 105
862 105
107 105
120 105
139 105
853 105
855 105
854 105
856 105
118 106
119 106
137 106
138 106
857 106
858 106
859 106
860 106
861 106
862 106
107 106
120 106
139 106
121 106
122 106
140 106
855 106
856 106
108 106
123 106
853 106
854 106
118 107
119 107
120 107
108 107
121 107
122 107
123 107
109 107
124 107
137 107
138 107
139 107
140 107
141 107
142 107
143 107
144 107
145 107
119 108
120 108
121 108
122 108
123 108
109 108
124 108
110 108
125 108
142 108
143 108
144 108
145 108
146 108
110 109
123 109
124 109
125 109
111 109
126 109
127 109
122 109
143 109
144 109
145 109
146 109
147 109
111 110
125 110
126 110
127 110
112 110
128 110
129 110
124 110
145 110
146 110
147 110
123 110
148 110
149 110
112 111
127 111
128 111
129 111
113 111
130 111
126 111
147 111
148 111
149 111
125 111
150 111
151 111
113 112
128 112
129 112
130 112
114 112
131 112
132 112
133 112
127 112
148 112
149 112
150 112
151 112
152 112
114 113
129 113
130 113
131 113
132 113
133 113
115 113
134 113
128 113
149 113
150 113
151 113
152 113
153 113
165 113
166 113
167 113
168 113
115 114
116 114
133 114
134 114
135 114
132 114
129 114
130 114
131 114
165 114
166 114
167 114
168 114
169 114
132 115
133 115
134 115
116 115
135 115
117 115
136 115
166 115
167 115
168 115
169 115
170 115
117 116
134 116
135 116
136 116
169 116
170 116
764 116
765 116
766 116
767 116
768 116
769 116
133 116
760 116
761 116
762 116
763 116
167 116
168 116
134 117
135 117
136 117
762 117
763 117
764 117
765 117
766 117
767 117
168 117
169 117
170 117
768 117
769 117
760 117
761 117
119 118
137 118
138 118
857 118
858 118
859 118
860 118
861 118
862 118
120 118
139 118
171 118
172 118
863 118
864 118
173 118
855 118
856 118
120 119
121 119
122 119
123 119
137 119
138 119
139 119
140 119
171 119
172 119
859 119
860 119
861 119
862 119
863 119
864 119
173 119
174 119
857 119
858 119
855 119
856 119
121 120
139 120
140 120
141 120
142 120
164 120
173 120
174 120
122 120
123 120
138 120
143 120
144 120
137 120
171 120
172 120
122 121
138 121
139 121
140 121
123 121
141 121
142 121
143 121
144 121
172 121
173 121
174 121
164 121
140 122
141 122
142 122
143 122
123 122
144 122
124 122
145 122
138 122
139 122
124 123
143 123
144 123
145 123
125 123
146 123
142 123
143 124
144 124
145 124
125 124
146 124
126 124
147 124
144 125
145 125
146 125
126 125
147 125
127 125
148 125
127 126
146 126
147 126
148 126
128 126
149 126
145 126
128 127
147 127
148 127
149 127
129 127
150 127
146 127
129 128
130 128
148 128
149 128
150 128
151 128
147 128
130 129
149 129
150 129
151 129
148 129
131 129
152 129
132 129
133 129
131 130
132 130
150 130
151 130
152 130
133 130
153 130
165 130
166 130
149 130
167 130
150 131
151 131
152 131
132 131
153 131
165 131
154 131
184 131
133 131
166 131
185 131
167 131
186 131
150 132
151 132
152 132
133 132
165 132
166 132
167 132
134 132
168 132
153 132
154 132
184 132
185 132
186 132
187 132
134 133
166 133
167 133
168 133
135 133
169 133
165 133
184 133
185 133
186 133
187 133
188 133
166 134
167 134
168 134
135 134
136 134
169 134
170 134
185 134
186 134
187 134
188 134
189 134
136 135
168 135
169 135
170 135
764 135
765 135
766 135
767 135
768 135
769 135
167 135
186 135
187 135
188 135
189 135
770 135
771 135
762 135
763 135
170 136
764 136
766 136
768 136
765 136
767 136
769 136
189 136
770 136
771 136
169 136
762 136
763 136
168 136
187 136
188 136
171 137
859 137
861 137
863 137
138 137
172 137
860 137
862 137
864 137
190 137
865 137
139 137
173 137
866 137
191 137
857 137
858 137
192 137
139 138
140 138
171 138
172 138
173 138
859 138
860 138
861 138
862 138
863 138
864 138
174 138
190 138
191 138
865 138
866 138
192 138
175 138
857 138
858 138
140 139
141 139
163 139
164 139
173 139
174 139
175 139
192 139
172 139
171 139
142 139
190 139
191 139
143 139
141 140
142 140
164 140
173 140
174 140
143 140
172 140
163 140
175 140
191 140
192 140
142 141
143 141
164 141
174 141
173 141
163 141
175 141
192 141
143 142
164 142
174 142
144 142
173 142
144 143
145 143
145 144
146 144
146 145
147 145
147 146
148 146
148 147
149 147
149 148
150 148
150 149
151 149
151 150
152 150
152 151
153 151
165 151
166 151
153 152
154 152
165 152
166 152
184 152
185 152
165 153
154 153
184 153
166 153
155 153
183 153
185 153
198 153
165 154
184 154
155 154
183 154
156 154
182 154
166 154
185 154
197 154
198 154
156 155
182 155
183 155
184 155
157 155
181 155
196 155
197 155
198 155
185 155
165 155
166 155
157 156
181 156
182 156
183 156
158 156
180 156
196 156
197 156
198 156
184 156
185 156
158 157
180 157
181 157
182 157
159 157
179 157
183 157
195 157
196 157
197 157
198 157
159 158
179 158
180 158
181 158
182 158
160 158
178 158
195 158
196 158
197 158
160 159
178 159
179 159
180 159
161 159
177 159
194 159
195 159
181 159
196 159
161 160
177 160
178 160
179 160
162 160
176 160
193 160
194 160
195 160
180 160
162 161
176 161
177 161
178 161
193 161
194 161
179 161
195 161
163 161
175 161
192 161
176 162
177 162
178 162
163 162
175 162
164 162
174 162
173 162
192 162
193 162
194 162
175 163
176 163
177 163
164 163
174 163
173 163
192 163
193 163
194 163
173 164
174 164
175 164
192 164
176 164
193 164
166 165
167 165
184 165
185 165
186 165
183 165
198 165
199 165
167 166
168 166
185 166
186 166
187 166
198 166
199 166
200 166
184 166
183 166
184 167
185 167
186 167
168 167
187 167
169 167
188 167
183 167
198 167
199 167
200 167
201 167
169 168
170 168
187 168
188 168
189 168
200 168
201 168
202 168
186 168
185 168
198 168
199 168
170 169
186 169
187 169
188 169
189 169
764 169
765 169
766 169
767 169
768 169
769 169
770 169
771 169
199 169
200 169
201 169
202 169
772 169
773 169
188 170
189 170
766 170
767 170
768 170
769 170
770 170
771 170
765 170
202 170
772 170
773 170
764 170
187 170
200 170
201 170
860 171
862 171
864 171
190 171
861 171
863 171
865 171
866 171
172 171
859 171
203 171
867 171
191 171
173 171
192 171
868 171
204 171
190 172
191 172
861 172
862 172
863 172
864 172
865 172
866 172
173 172
174 172
859 172
860 172
192 172
175 172
203 172
867 172
868 172
204 172
176 172
193 172
190 173
191 173
192 173
174 173
175 173
176 173
193 173
203 173
204 173
175 174
176 174
191 174
192 174
193 174
204 174
176 175
192 175
191 175
193 175
177 175
194 175
204 175
205 175
177 176
178 176
193 176
194 176
191 176
192 176
204 176
205 176
195 176
178 177
193 177
194 177
179 177
195 177
192 177
204 177
205 177
193 178
194 178
179 178
195 178
180 178
205 178
196 178
206 178
180 179
195 179
181 179
196 179
194 179
205 179
206 179
195 180
181 180
196 180
182 180
197 180
194 180
205 180
206 180
182 181
183 181
195 181
196 181
197 181
198 181
206 181
207 181
183 182
184 182
196 182
197 182
198 182
185 182
195 182
206 182
207 182
186 182
199 182
184 183
185 183
197 183
198 183
186 183
199 183
196 183
206 183
207 183
185 184
198 184
186 184
199 184
197 184
207 184
198 185
186 185
199 185
197 185
187 185
200 185
207 185
208 185
198 186
199 186
187 186
200 186
207 186
208 186
188 186
201 186
197 186
188 187
199 187
200 187
201 187
189 187
202 187
198 187
207 187
208 187
209 187
199 188
200 188
201 188
189 188
766 188
767 188
768 188
769 188
770 188
771 188
202 188
208 188
209 188
772 188
773 188
774 188
775 188
202 189
209 189
771 189
773 189
775 189
766 189
767 189
768 189
769 189
770 189
200 189
201 189
772 189
208 189
774 189
191 190
861 190
862 190
863 190
864 190
865 190
866 190
203 190
867 190
868 190
192 190
204 190
210 190
211 190
869 190
870 190
192 191
193 191
203 191
204 191
205 191
210 191
211 191
212 191
861 191
862 191
863 191
864 191
865 191
866 191
867 191
868 191
869 191
870 191
193 192
204 192
194 192
205 192
203 192
210 192
211 192
212 192
194 193
204 193
205 193
195 193
203 193
210 193
211 193
212 193
206 193
213 193
204 194
205 194
195 194
196 194
206 194
211 194
212 194
213 194
196 195
197 195
206 195
205 195
204 195
211 195
212 195
213 195
207 195
214 195
197 196
198 196
205 196
206 196
207 196
212 196
213 196
214 196
198 197
199 197
206 197
207 197
208 197
213 197
214 197
215 197
205 197
212 197
199 198
207 198
206 198
200 198
208 198
213 198
214 198
215 198
207 199
200 199
201 199
208 199
206 199
213 199
214 199
215 199
209 199
216 199
201 200
207 200
208 200
209 200
214 200
215 200
216 200
202 200
202 201
208 201
209 201
770 201
771 201
772 201
773 201
774 201
775 201
207 201
214 201
215 201
216 201
776 201
777 201
768 201
769 201
768 202
769 202
770 202
771 202
772 202
773 202
209 202
774 202
775 202
208 202
215 202
216 202
776 202
777 202
863 203
865 203
867 203
204 203
210 203
211 203
866 203
868 203
869 203
870 203
864 203
205 203
212 203
217 203
871 203
872 203
218 203
219 203
210 204
211 204
865 204
866 204
867 204
868 204
869 204
870 204
205 204
212 204
217 204
218 204
219 204
206 204
213 204
220 204
871 204
872 204
206 205
210 205
211 205
212 205
213 205
207 205
214 205
217 205
218 205
219 205
220 205
221 205
207 206
208 206
213 206
214 206
215 206
212 206
211 206
218 206
219 206
220 206
221 206
222 206
212 207
213 207
214 207
208 207
215 207
209 207
216 207
219 207
220 207
221 207
222 207
223 207
209 208
214 208
215 208
216 208
772 208
773 208
774 208
775 208
776 208
777 208
213 208
220 208
221 208
222 208
223 208
778 208
779 208
216 209
772 209
774 209
776 209
773 209
775 209
777 209
223 209
778 209
779 209
214 209
215 209
770 209
771 209
221 209
222 209
211 210
865 210
866 210
867 210
868 210
869 210
870 210
217 210
218 210
871 210
872 210
212 210
219 210
224 210
225 210
873 210
874 210
226 210
212 211
217 211
218 211
219 211
224 211
225 211
226 211
213 211
220 211
227 211
865 211
866 211
867 211
868 211
869 211
870 211
871 211
872 211
873 211
874 211
213 212
218 212
219 212
220 212
214 212
221 212
217 212
224 212
225 212
226 212
227 212
228 212
214 213
215 213
218 213
219 213
220 213
225 213
226 213
227 213
221 213
228 213
222 213
229 213
215 214
220 214
221 214
222 214
216 214
223 214
219 214
226 214
227 214
228 214
229 214
230 214
216 215
222 215
223 215
229 215
230 215
776 215
777 215
778 215
779 215
780 215
781 215
220 215
221 215
772 215
773 215
774 215
775 215
227 215
228 215
772 216
773 216
774 216
775 216
776 216
777 216
222 216
223 216
778 216
779 216
221 216
228 216
229 216
230 216
780 216
781 216
218 217
219 217
224 217
225 217
226 217
231 217
232 217
233 217
869 217
870 217
871 217
872 217
873 217
874 217
867 217
868 217
875 217
876 217
867 218
868 218
869 218
870 218
871 218
872 218
219 218
224 218
225 218
873 218
874 218
226 218
231 218
232 218
233 218
220 218
227 218
234 218
875 218
876 218
224 219
225 219
226 219
220 219
227 219
221 219
228 219
231 219
232 219
233 219
234 219
235 219
221 220
226 220
227 220
228 220
233 220
234 220
235 220
222 220
229 220
236 220
225 220
232 220
226 221
227 221
228 221
222 221
229 221
223 221
230 221
233 221
234 221
235 221
236 221
237 221
223 222
228 222
229 222
230 222
235 222
236 222
237 222
778 222
779 222
780 222
781 222
782 222
783 222
774 222
775 222
776 222
777 222
227 222
234 222
230 223
237 223
779 223
781 223
783 223
229 223
776 223
777 223
778 223
780 223
228 223
235 223
236 223
782 223
774 223
775 223
231 224
238 224
874 224
876 224
878 224
225 224
869 224
870 224
871 224
872 224
873 224
226 224
232 224
875 224
233 224
239 224
877 224
240 224
226 225
231 225
232 225
233 225
227 225
234 225
238 225
239 225
873 225
874 225
875 225
876 225
877 225
878 225
869 225
870 225
871 225
872 225
240 225
241 225
227 226
232 226
233 226
234 226
239 226
240 226
241 226
228 226
235 226
242 226
231 226
238 226
228 227
233 227
234 227
235 227
229 227
236 227
232 227
239 227
240 227
241 227
242 227
243 227
233 228
234 228
235 228
240 228
241 228
242 228
229 228
230 228
236 228
243 228
237 228
244 228
234 229
235 229
236 229
230 229
776 229
777 229
778 229
779 229
780 229
781 229
237 229
782 229
783 229
241 229
242 229
243 229
244 229
784 229
785 229
236 230
237 230
778 230
779 230
780 230
781 230
782 230
783 230
235 230
242 230
243 230
244 230
784 230
785 230
776 230
777 230
232 231
238 231
239 231
873 231
874 231
875 231
876 231
877 231
878 231
245 231
880 231
233 231
240 231
871 231
872 231
246 231
879 231
247 231
233 232
238 232
239 232
240 232
234 232
241 232
245 232
246 232
875 232
876 232
877 232
878 232
879 232
880 232
247 232
873 232
874 232
248 232
871 232
872 232
234 233
235 233
240 233
241 233
242 233
247 233
248 233
249 233
238 233
239 233
245 233
246 233
235 234
240 234
241 234
242 234
236 234
243 234
239 234
246 234
247 234
248 234
249 234
250 234
236 235
237 235
242 235
243 235
244 235
249 235
250 235
251 235
241 235
240 235
247 235
248 235
237 236
242 236
243 236
244 236
241 236
780 236
781 236
782 236
783 236
784 236
785 236
248 236
249 236
250 236
251 236
786 236
787 236
778 236
779 236
243 237
244 237
780 237
781 237
782 237
783 237
784 237
785 237
779 237
251 237
786 237
787 237
242 237
249 237
250 237
778 237
874 238
876 238
878 238
239 238
240 238
245 238
875 238
877 238
879 238
246 238
880 238
873 238
252 238
881 238
882 238
247 238
253 238
254 238
240 239
245 239
246 239
875 239
876 239
877 239
878 239
879 239
880 239
247 239
241 239
873 239
874 239
248 239
252 239
253 239
881 239
882 239
254 239
255 239
241 240
246 240
247 240
248 240
242 240
249 240
245 240
252 240
253 240
254 240
255 240
256 240
242 241
247 241
248 241
249 241
243 241
250 241
246 241
253 241
254 241
255 241
256 241
257 241
247 242
248 242
249 242
243 242
250 242
244 242
251 242
254 242
255 242
256 242
257 242
258 242
244 243
249 243
250 243
251 243
780 243
781 243
782 243
783 243
784 243
785 243
786 243
787 243
248 243
255 243
256 243
257 243
258 243
788 243
789 243
250 244
251 244
782 244
783 244
784 244
785 244
786 244
787 244
249 244
256 244
257 244
258 244
788 244
789 244
780 244
781 244
875 245
877 245
879 245
876 245
878 245
880 245
252 245
881 245
246 245
882 245
259 245
883 245
884 245
253 245
247 245
254 245
260 245
261 245
875 246
876 246
877 246
878 246
879 246
880 246
247 246
252 246
253 246
254 246
248 246
255 246
259 246
260 246
881 246
882 246
883 246
884 246
261 246
262 246
248 247
249 247
252 247
253 247
254 247
259 247
260 247
261 247
255 247
262 247
256 247
263 247
249 248
253 248
254 248
255 248
256 248
250 248
257 248
260 248
261 248
262 248
263 248
264 248
254 249
255 249
256 249
261 249
262 249
263 249
250 249
257 249
264 249
251 249
258 249
265 249
251 250
256 250
257 250
258 250
784 250
785 250
786 250
787 250
788 250
789 250
255 250
262 250
263 250
264 250
265 250
790 250
791 250
782 250
783 250
257 251
258 251
264 251
265 251
786 251
787 251
788 251
789 251
790 251
791 251
782 251
784 251
783 251
785 251
256 251
263 251
253 252
254 252
259 252
260 252
261 252
266 252
267 252
268 252
879 252
880 252
881 252
882 252
883 252
884 252
877 252
878 252
885 252
886 252
254 253
259 253
260 253
261 253
255 253
877 253
878 253
879 253
880 253
881 253
882 253
883 253
884 253
262 253
266 253
267 253
885 253
886 253
268 253
269 253
259 254
260 254
261 254
266 254
267 254
268 254
255 254
262 254
269 254
256 254
263 254
270 254
256 255
257 255
262 255
263 255
264 255
269 255
270 255
271 255
261 255
260 255
267 255
268 255
257 256
262 256
263 256
264 256
258 256
265 256
261 256
268 256
269 256
270 256
271 256
272 256
258 257
264 257
265 257
786 257
787 257
788 257
789 257
790 257
791 257
262 257
263 257
269 257
270 257
271 257
272 257
792 257
793 257
784 257
785 257
784 258
785 258
786 258
787 258
788 258
789 258
264 258
265 258
790 258
791 258
263 258
272 258
792 258
270 258
271 258
793 258
260 259
261 259
266 259
267 259
268 259
273 259
883 259
885 259
887 259
879 259
880 259
881 259
882 259
884 259
886 259
888 259
274 259
275 259
276 259
261 260
266 260
267 260
268 260
879 260
880 260
881 260
882 260
883 260
884 260
262 260
269 260
273 260
274 260
885 260
886 260
887 260
888 260
275 260
276 260
277 260
278 260
262 261
267 261
268 261
269 261
263 261
270 261
266 261
274 261
275 261
276 261
277 261
278 261
279 261
280 261
263 262
264 262
268 262
269 262
270 262
267 262
276 262
277 262
278 262
279 262
280 262
271 262
281 262
282 262
264 263
268 263
269 263
270 263
265 263
271 263
272 263
282 263
283 263
278 263
279 263
280 263
281 263
265 264
270 264
271 264
272 264
786 264
787 264
788 264
789 264
790 264
791 264
792 264
793 264
269 264
280 264
281 264
282 264
283 264
794 264
795 264
272 265
283 265
791 265
793 265
795 265
270 265
271 265
282 265
788 265
789 265
790 265
792 265
786 265
787 265
794 265
267 266
273 266
274 266
883 266
884 266
885 266
886 266
887 266
888 266
268 266
275 266
276 266
292 266
889 266
890 266
293 266
881 266
882 266
274 267
275 267
276 267
293 267
294 267
268 267
277 267
295 267
273 267
883 267
884 267
885 267
886 267
887 267
888 267
881 267
882 267
269 267
278 267
292 267
269 268
276 268
277 268
278 268
270 268
279 268
280 268
275 268
294 268
295 268
284 268
274 268
285 268
270 269
271 269
276 269
277 269
278 269
279 269
280 269
281 269
282 269
284 269
285 269
286 269
287 269
271 270
279 270
280 270
281 270
285 270
286 270
287 270
282 270
288 270
283 270
289 270
290 270
272 270
278 270
272 271
282 271
283 271
788 271
789 271
790 271
791 271
792 271
793 271
280 271
281 271
794 271
795 271
288 271
289 271
290 271
291 271
796 271
797 271
283 272
790 272
791 272
792 272
793 272
794 272
795 272
291 272
797 272
788 272
789 272
282 272
290 272
796 272
274 273
292 273
885 273
886 273
887 273
888 273
889 273
890 273
883 273
884 273
275 273
293 273
307 273
308 273
891 273
892 273
292 274
885 274
886 274
887 274
888 274
889 274
890 274
883 274
884 274
275 274
293 274
276 274
294 274
307 274
308 274
891 274
892 274
309 274
276 275
293 275
294 275
292 275
277 275
295 275
307 275
308 275
309 275
310 275
277 276
284 276
294 276
295 276
296 276
309 276
310 276
311 276
278 276
293 276
308 276
278 277
284 277
295 277
279 277
285 277
296 277
297 277
294 277
309 277
310 277
311 277
284 278
295 278
279 278
280 278
285 278
296 278
297 278
286 278
298 278
299 278
280 279
284 279
285 279
286 279
281 279
287 279
295 279
296 279
297 279
298 279
299 279
300 279
301 279
281 280
285 280
286 280
287 280
282 280
288 280
284 280
297 280
298 280
299 280
300 280
301 280
302 280
303 280
282 281
285 281
286 281
287 281
299 281
300 281
301 281
288 281
302 281
303 281
289 281
304 281
283 281
290 281
286 282
287 282
288 282
283 282
289 282
290 282
291 282
792 282
793 282
794 282
795 282
796 282
797 282
302 282
303 282
304 282
305 282
306 282
290 283
291 283
305 283
306 283
794 283
795 283
796 283
797 283
798 283
799 283
790 283
792 283
791 283
793 283
288 283
289 283
304 283
295 284
296 284
297 284
311 284
312 284
313 284
319 284
285 284
298 284
314 284
286 284
299 284
294 284
309 284
310 284
286 285
297 285
298 285
299 285
287 285
300 285
301 285
296 285
312 285
313 285
314 285
315 285
316 285
295 285
299 286
300 286
301 286
315 286
316 286
317 286
287 286
302 286
318 286
288 286
297 286
298 286
303 286
314 286
288 287
301 287
302 287
303 287
289 287
304 287
300 287
316 287
317 287
318 287
326 287
327 287
328 287
329 287
299 287
289 288
302 288
303 288
304 288
327 288
328 288
329 288
290 288
305 288
330 288
301 288
317 288
318 288
326 288
302 289
303 289
304 289
290 289
305 289
291 289
306 289
327 289
328 289
329 289
330 289
331 289
291 290
304 290
305 290
306 290
329 290
330 290
331 290
303 290
792 290
793 290
794 290
795 290
796 290
797 290
798 290
799 290
800 290
801 290
836 290
328 290
305 291
306 291
794 291
795 291
796 291
797 291
798 291
799 291
792 291
793 291
304 291
329 291
330 291
331 291
800 291
801 291
836 291
293 292
307 292
308 292
495 292
496 292
889 292
890 292
891 292
892 292
893 292
894 292
294 292
309 292
494 292
885 292
886 292
887 292
888 292
294 293
307 293
308 293
309 293
887 293
888 293
889 293
890 293
891 293
892 293
295 293
310 293
495 293
496 293
893 293
894 293
494 293
491 293
295 294
308 294
309 294
310 294
307 294
296 294
311 294
494 294
495 294
496 294
491 294
484 294
296 295
297 295
309 295
310 295
311 295
308 295
312 295
313 295
319 295
491 295
494 295
495 295
484 295
297 296
311 296
312 296
313 296
319 296
298 296
314 296
310 296
484 296
320 296
332 296
321 296
345 296
443 296
309 296
298 297
299 297
313 297
314 297
315 297
321 297
322 297
332 297
312 297
311 297
319 297
320 297
299 298
313 298
314 298
315 298
312 298
300 298
316 298
320 298
321 298
332 298
322 298
323 298
300 299
301 299
315 299
316 299
317 299
322 299
323 299
324 299
313 299
314 299
321 299
332 299
301 300
315 300
316 300
317 300
302 300
318 300
314 300
321 300
322 300
323 300
324 300
325 300
302 301
317 301
318 301
324 301
325 301
326 301
327 301
315 301
316 301
303 301
328 301
322 301
323 301
303 302
317 302
318 302
326 302
327 302
328 302
304 302
329 302
316 302
323 302
324 302
325 302
360 302
361 302
362 302
366 302
367 302
318 303
326 303
327 303
328 303
361 303
304 303
329 303
366 303
367 303
305 303
330 303
365 303
317 303
305 304
328 304
329 304
330 304
306 304
331 304
327 304
361 304
366 304
367 304
365 304
306 305
330 305
331 305
796 305
797 305
798 305
799 305
800 305
801 305
836 305
328 305
329 305
365 305
366 305
367 305
802 305
803 305
794 305
795 305
331 306
796 306
798 306
800 306
797 306
799 306
801 306
836 306
365 306
802 306
330 306
794 306
795 306
803 306
329 306
366 306
308 307
495 307
496 307
497 307
498 307
891 307
892 307
893 307
894 307
895 307
896 307
887 307
889 307
890 307
888 307
309 307
494 307
499 307
887 308
888 308
889 308
890 308
891 308
892 308
309 308
310 308
495 308
496 308
893 308
894 308
494 308
491 308
492 308
498 308
499 308
497 308
895 308
896 308
310 309
494 309
495 309
496 309
311 309
491 309
484 309
485 309
486 309
492 309
498 309
499 309
497 309
311 310
484 310
491 310
312 310
319 310
345 310
439 310
443 310
485 310
486 310
492 310
494 310
495 310
312 311
313 311
319 311
484 311
491 311
320 311
332 311
345 311
443 311
439 311
485 311
313 312
319 312
320 312
332 312
333 312
338 312
344 312
345 312
346 312
314 312
321 312
334 312
484 312
443 312
319 313
320 313
332 313
314 313
321 313
315 313
322 313
333 313
338 313
344 313
345 313
346 313
334 313
335 313
315 314
316 314
321 314
322 314
323 314
334 314
335 314
336 314
320 314
332 314
333 314
321 315
322 315
332 315
316 315
323 315
317 315
324 315
333 315
334 315
335 315
336 315
337 315
317 316
322 316
323 316
324 316
335 316
336 316
337 316
318 316
325 316
321 316
334 316
318 317
323 317
324 317
325 317
326 317
327 317
322 317
328 317
335 317
336 317
337 317
342 317
343 317
359 317
360 317
325 318
326 318
327 318
360 318
361 318
362 318
328 318
324 318
323 318
336 318
337 318
342 318
343 318
359 318
320 319
332 319
345 319
443 319
484 319
333 319
338 319
344 319
346 319
442 319
438 319
439 319
485 319
491 319
333 320
334 320
338 320
339 320
344 320
347 320
348 320
349 320
332 320
345 320
346 320
441 320
442 320
443 320
484 320
440 320
321 320
322 321
332 321
333 321
334 321
335 321
323 321
336 321
338 321
339 321
344 321
340 321
341 321
323 322
334 322
335 322
336 322
324 322
337 322
332 322
333 322
338 322
339 322
340 322
341 322
342 322
334 323
335 323
336 323
324 323
337 323
325 323
339 323
340 323
341 323
342 323
343 323
325 324
336 324
337 324
326 324
342 324
343 324
359 324
360 324
335 324
340 324
341 324
327 324
326 325
327 325
336 325
337 325
342 325
343 325
359 325
360 325
361 325
362 325
341 325
355 325
356 325
357 325
358 325
363 325
364 325
343 326
359 326
360 326
361 326
362 326
363 326
327 326
328 326
367 326
368 326
369 326
370 326
337 326
342 326
328 327
361 327
329 327
366 327
367 327
360 327
362 327
368 327
369 327
329 328
330 328
361 328
366 328
367 328
365 328
360 328
362 328
368 328
369 328
378 328
379 328
373 328
330 329
331 329
365 329
366 329
378 329
800 329
802 329
803 329
804 329
805 329
836 329
367 329
379 329
361 329
368 329
373 329
331 330
796 330
797 330
798 330
799 330
800 330
801 330
836 330
365 330
366 330
802 330
803 330
367 330
378 330
804 330
805 330
379 330
365 331
366 331
378 331
800 331
802 331
803 331
804 331
805 331
836 331
796 331
798 331
797 331
799 331
801 331
333 332
334 332
338 332
339 332
344 332
335 332
340 332
345 332
346 332
338 333
344 333
345 333
346 333
334 333
335 333
339 333
340 333
347 333
348 333
349 333
350 333
351 333
441 333
338 334
339 334
344 334
335 334
340 334
336 334
341 334
347 334
348 334
349 334
350 334
351 334
352 334
353 334
336 335
339 335
340 335
341 335
337 335
342 335
338 335
349 335
350 335
351 335
352 335
353 335
354 335
355 335
337 336
340 336
341 336
342 336
353 336
354 336
355 336
343 336
356 336
357 336
339 336
351 336
352 336
341 337
342 337
343 337
340 337
353 337
354 337
355 337
359 337
360 337
356 337
357 337
358 337
344 338
346 338
347 338
348 338
441 338
448 338
449 338
450 338
345 338
339 338
349 338
451 338
350 338
452 338
340 338
351 338
340 339
349 339
350 339
351 339
344 339
341 339
352 339
353 339
348 339
450 339
451 339
452 339
453 339
454 339
347 339
341 340
351 340
352 340
353 340
349 340
350 340
342 340
354 340
355 340
452 340
453 340
454 340
455 340
456 340
342 341
354 341
355 341
356 341
456 341
457 341
458 341
343 341
353 341
351 341
352 341
357 341
454 341
455 341
343 342
355 342
356 342
357 342
358 342
359 342
360 342
354 342
456 342
457 342
458 342
353 342
459 342
460 342
357 343
358 343
359 343
360 343
362 343
363 343
364 343
361 343
356 343
355 343
457 343
458 343
459 343
460 343
461 343
345 344
346 344
347 344
348 344
441 344
442 344
443 344
484 344
440 344
448 344
449 344
450 344
349 344
451 344
447 344
346 345
347 345
440 345
441 345
442 345
443 345
437 345
438 345
439 345
348 345
484 345
485 345
491 345
437 346
438 346
439 346
440 346
441 346
442 346
443 346
347 346
484 346
485 346
348 346
448 346
449 346
450 346
446 346
447 346
348 347
441 347
448 347
449 347
450 347
349 347
451 347
440 347
442 347
447 347
443 347
349 348
350 348
450 348
451 348
452 348
449 348
441 348
448 348
350 349
450 349
451 349
452 349
351 349
453 349
449 349
351 350
451 350
452 350
453 350
352 350
454 350
450 350
352 351
353 351
451 351
452 351
453 351
454 351
455 351
353 352
453 352
454 352
455 352
354 352
456 352
452 352
354 353
355 353
455 353
456 353
457 353
453 353
454 353
355 354
455 354
456 354
457 354
356 354
458 354
454 354
356 355
357 355
455 355
456 355
457 355
458 355
459 355
357 356
457 356
458 356
459 356
358 356
359 356
360 356
460 356
456 356
358 357
359 357
363 357
364 357
459 357
460 357
461 357
360 357
362 357
457 357
458 357
364 358
459 358
460 358
461 358
371 358
462 358
359 358
363 358
360 358
362 358
369 358
370 358
458 358
458 359
459 359
460 359
360 359
362 359
363 359
364 359
461 359
361 359
368 359
369 359
370 359
371 359
462 359
362 360
363 360
364 360
369 360
370 360
371 360
361 360
367 360
368 360
362 361
367 361
368 361
369 361
363 361
370 361
366 361
373 361
378 361
379 361
374 361
375 361
363 362
364 362
369 362
370 362
371 362
372 362
374 362
375 362
367 362
368 362
373 362
364 363
369 363
370 363
371 363
460 363
461 363
462 363
368 363
373 363
374 363
375 363
372 363
459 363
463 363
370 364
371 364
460 364
461 364
462 364
459 364
369 364
372 364
374 364
375 364
463 364
366 365
798 365
800 365
802 365
803 365
836 365
367 365
378 365
379 365
384 365
804 365
805 365
806 365
807 365
799 365
801 365
378 366
800 366
802 366
803 366
804 366
805 366
836 366
367 366
379 366
368 366
373 366
384 366
806 366
807 366
380 366
385 366
378 367
379 367
368 367
369 367
373 367
374 367
380 367
381 367
384 367
802 367
803 367
804 367
805 367
806 367
807 367
385 367
369 368
373 368
378 368
379 368
374 368
370 368
375 368
380 368
381 368
382 368
373 369
374 369
379 369
380 369
381 369
370 369
375 369
371 369
382 369
372 369
376 369
377 369
371 370
373 370
374 370
375 370
460 370
461 370
462 370
372 370
463 370
376 370
464 370
380 370
381 370
382 370
377 370
460 371
461 371
462 371
372 371
463 371
376 371
464 371
374 371
375 371
375 372
376 372
462 372
463 372
464 372
374 372
377 372
381 372
382 372
465 372
461 372
374 373
375 373
380 373
381 373
382 373
378 373
379 373
384 373
385 373
386 373
388 373
375 374
380 374
381 374
382 374
379 374
376 374
377 374
385 374
386 374
388 374
383 374
389 374
376 375
377 375
463 375
464 375
465 375
381 375
382 375
383 375
466 375
380 375
385 375
386 375
388 375
389 375
462 375
377 376
381 376
382 376
462 376
463 376
464 376
465 376
383 376
466 376
381 377
382 377
383 377
386 377
388 377
389 377
465 377
466 377
467 377
463 377
464 377
384 378
510 378
805 378
807 378
809 378
379 378
802 378
803 378
804 378
806 378
800 378
836 378
380 378
385 378
509 378
808 378
380 379
384 379
385 379
381 379
386 379
509 379
510 379
804 379
805 379
806 379
807 379
808 379
809 379
387 379
391 379
802 379
803 379
381 380
385 380
386 380
382 380
388 380
384 380
387 380
391 380
509 380
390 380
382 381
383 381
386 381
388 381
389 381
390 381
391 381
392 381
385 381
384 381
387 381
509 381
383 382
386 382
388 382
389 382
465 382
466 382
467 382
385 382
387 382
390 382
391 382
392 382
468 382
464 382
389 383
465 383
466 383
467 383
464 383
392 383
468 383
388 383
386 383
390 383
391 383
510 384
523 384
806 384
808 384
810 384
807 384
809 384
811 384
385 384
509 384
804 384
805 384
386 384
387 384
391 384
508 384
802 384
803 384
509 385
510 385
804 385
805 385
806 385
807 385
808 385
809 385
386 385
387 385
391 385
388 385
390 385
395 385
507 385
508 385
394 385
388 386
389 386
390 386
391 386
392 386
393 386
394 386
395 386
387 386
509 386
507 386
508 386
510 386
391 387
395 387
507 387
508 387
509 387
510 387
388 387
390 387
394 387
397 387
398 387
399 387
506 387
521 387
522 387
523 387
806 387
807 387
808 387
809 387
810 387
811 387
389 388
390 388
392 388
466 388
467 388
468 388
391 388
393 388
394 388
395 388
469 388
465 388
390 389
392 389
466 389
467 389
468 389
391 389
393 389
394 389
395 389
469 389
465 389
391 390
392 390
393 390
394 390
395 390
467 390
468 390
469 390
396 390
397 390
470 390
398 390
399 390
506 390
507 390
508 390
466 390
395 391
507 391
508 391
509 391
510 391
392 391
394 391
393 391
396 391
397 391
398 391
399 391
506 391
393 392
467 392
468 392
469 392
396 392
470 392
394 392
395 392
466 392
397 392
398 392
394 393
395 393
396 393
397 393
468 393
469 393
470 393
398 393
400 393
471 393
402 393
403 393
467 393
395 394
397 394
398 394
399 394
402 394
403 394
404 394
467 394
468 394
469 394
396 394
470 394
506 394
507 394
508 394
400 394
471 394
397 395
398 395
399 395
506 395
507 395
508 395
396 395
400 395
402 395
403 395
404 395
509 395
510 395
505 395
520 395
521 395
522 395
523 395
397 396
398 396
400 396
401 396
402 396
470 396
471 396
472 396
468 396
469 396
403 396
398 397
468 397
469 397
470 397
399 397
506 397
507 397
508 397
400 397
402 397
403 397
404 397
471 397
401 397
472 397
405 397
407 397
408 397
409 397
399 398
403 398
404 398
505 398
506 398
507 398
400 398
401 398
402 398
405 398
407 398
408 398
508 398
409 398
504 398
506 399
507 399
508 399
403 399
404 399
505 399
402 399
407 399
408 399
409 399
504 399
519 399
520 399
521 399
522 399
523 399
401 400
402 400
470 400
471 400
472 400
405 400
473 400
403 400
407 400
408 400
469 400
405 401
471 401
472 401
473 401
406 401
474 401
402 401
403 401
407 401
408 401
470 401
403 402
405 402
407 402
408 402
470 402
471 402
472 402
473 402
404 402
409 402
406 402
474 402
410 402
412 402
413 402
414 402
404 403
407 403
408 403
409 403
412 403
413 403
414 403
503 403
504 403
505 403
405 403
506 403
507 403
406 403
410 403
408 404
409 404
504 404
505 404
506 404
407 404
412 404
413 404
414 404
507 404
503 404
518 404
519 404
520 404
521 404
522 404
406 405
410 405
473 405
474 405
475 405
407 405
408 405
472 405
471 405
412 405
413 405
407 406
410 406
473 406
474 406
475 406
408 406
412 406
413 406
411 406
476 406
472 406
408 407
410 407
473 407
474 407
475 407
409 407
412 407
413 407
414 407
411 407
476 407
415 407
417 407
418 407
472 407
419 407
409 408
413 408
414 408
503 408
504 408
505 408
410 408
411 408
412 408
415 408
417 408
418 408
419 408
502 408
506 408
413 409
414 409
503 409
504 409
505 409
412 409
417 409
418 409
419 409
502 409
517 409
518 409
519 409
506 409
520 409
521 409
412 410
413 410
411 410
474 410
475 410
476 410
415 410
477 410
417 410
418 410
473 410
412 411
415 411
475 411
476 411
477 411
416 411
478 411
474 411
413 411
417 411
418 411
413 412
415 412
475 412
476 412
477 412
417 412
418 412
414 412
419 412
416 412
478 412
420 412
421 412
422 412
474 412
414 413
417 413
418 413
419 413
421 413
422 413
501 413
502 413
503 413
415 413
504 413
416 413
420 413
505 413
418 414
419 414
502 414
503 414
504 414
505 414
417 414
421 414
422 414
501 414
516 414
517 414
518 414
519 414
520 414
416 415
417 415
418 415
420 415
421 415
422 415
476 415
477 415
478 415
475 415
479 415
417 416
476 416
477 416
478 416
420 416
421 416
479 416
423 416
480 416
418 416
422 416
424 416
425 416
418 417
420 417
421 417
422 417
476 417
477 417
478 417
419 417
423 417
424 417
479 417
480 417
425 417
489 417
500 417
501 417
502 417
420 418
421 418
422 418
419 418
501 418
502 418
503 418
423 418
424 418
425 418
489 418
500 418
504 418
422 419
501 419
502 419
503 419
516 419
517 419
518 419
504 419
519 419
421 419
424 419
425 419
489 419
500 419
421 420
423 420
424 420
478 420
479 420
480 420
422 420
425 420
426 420
427 420
481 420
428 420
477 420
422 421
424 421
425 421
427 421
428 421
488 421
489 421
423 421
500 421
501 421
502 421
426 421
479 421
480 421
481 421
478 421
477 421
424 422
425 422
489 422
500 422
501 422
502 422
423 422
426 422
427 422
428 422
488 422
490 422
493 422
515 422
516 422
517 422
503 422
518 422
424 423
426 423
427 423
429 423
430 423
480 423
481 423
482 423
425 423
428 423
431 423
478 423
479 423
425 424
426 424
427 424
428 424
479 424
480 424
481 424
488 424
489 424
429 424
430 424
482 424
431 424
487 424
478 424
500 424
501 424
502 424
489 425
500 425
501 425
502 425
427 425
428 425
488 425
426 425
429 425
430 425
431 425
487 425
490 425
492 425
493 425
429 426
480 426
481 426
482 426
432 426
483 426
427 426
428 426
479 426
430 426
431 426
434 426
435 426
428 427
429 427
430 427
431 427
487 427
488 427
489 427
432 427
481 427
482 427
483 427
434 427
435 427
486 427
480 427
479 427
429 428
430 428
431 428
435 428
486 428
487 428
488 428
492 428
489 428
490 428
493 428
500 428
501 428
432 428
434 428
430 429
432 429
481 429
482 429
483 429
431 429
434 429
435 429
433 429
444 429
480 429
431 430
434 430
435 430
486 430
487 430
488 430
432 430
433 430
444 430
482 430
483 430
436 430
438 430
439 430
485 430
481 430
489 430
480 430
434 431
435 431
486 431
487 431
488 431
432 431
433 431
436 431
438 431
439 431
485 431
491 431
492 431
489 431
490 431
493 431
433 432
436 432
444 432
445 432
483 432
481 432
482 432
434 432
435 432
438 432
439 432
434 433
436 433
444 433
445 433
483 433
435 433
438 433
439 433
437 433
446 433
482 433
444 434
482 434
483 434
435 434
438 434
439 434
442 434
443 434
484 434
485 434
486 434
436 434
445 434
487 434
488 434
437 434
446 434
440 434
438 435
439 435
485 435
486 435
487 435
436 435
437 435
440 435
442 435
443 435
484 435
488 435
491 435
492 435
444 436
445 436
483 436
437 436
446 436
440 436
447 436
438 436
442 436
439 436
443 436
438 437
440 437
442 437
445 437
446 437
447 437
439 437
443 437
441 437
448 437
444 437
444 438
445 438
446 438
439 438
440 438
442 438
443 438
484 438
485 438
486 438
441 438
447 438
448 438
487 438
485 439
486 439
487 439
491 439
492 439
440 439
442 439
443 439
484 439
441 439
441 440
442 440
446 440
447 440
448 440
449 440
443 440
445 440
447 441
448 441
449 441
450 441
442 441
446 441
443 441
446 442
447 442
448 442
443 442
484 442
485 442
445 442
486 442
449 442
484 443
485 443
491 443
486 443
482 444
483 444
445 444
446 444
446 445
447 445
483 445
447 446
448 446
448 447
449 447
449 448
450 448
450 449
451 449
451 450
452 450
452 451
453 451
453 452
454 452
454 453
455 453
455 454
456 454
456 455
457 455
457 456
458 456
458 457
459 457
459 458
460 458
460 459
461 459
461 460
462 460
462 461
463 461
463 462
464 462
464 463
465 463
465 464
466 464
466 465
467 465
467 466
468 466
468 467
469 467
469 468
470 468
470 469
471 469
471 470
472 470
472 471
473 471
473 472
474 472
474 473
475 473
475 474
476 474
476 475
477 475
477 476
478 476
478 477
479 477
479 478
480 478
480 479
481 479
481 480
482 480
482 481
483 481
483 482
485 484
491 484
486 484
492 484
494 484
486 485
491 485
487 485
492 485
494 485
491 486
487 486
492 486
488 486
494 486
493 486
499 486
488 487
491 487
492 487
493 487
494 487
499 487
489 487
490 487
492 488
489 488
490 488
493 488
500 488
501 488
515 488
491 488
494 488
499 488
514 488
490 489
500 489
501 489
502 489
492 489
493 489
515 489
516 489
517 489
493 490
499 490
500 490
514 490
515 490
516 490
530 490
531 490
532 490
501 490
492 490
492 491
494 491
493 491
499 491
495 491
498 491
493 492
494 492
499 492
500 492
514 492
515 492
495 492
498 492
513 492
500 493
501 493
515 493
516 493
499 493
514 493
513 493
529 493
530 493
531 493
532 493
494 493
495 493
498 493
495 494
496 494
498 494
499 494
497 494
511 494
512 494
513 494
514 494
515 494
498 495
499 495
496 495
497 495
511 495
512 495
513 495
889 495
890 495
891 495
892 495
893 495
894 495
514 495
515 495
895 495
896 495
897 495
898 495
497 496
511 496
894 496
896 496
898 496
498 496
891 496
892 496
893 496
895 496
889 496
890 496
512 496
897 496
499 496
513 496
498 497
511 497
512 497
893 497
894 497
895 497
896 497
897 497
898 497
524 497
900 497
499 497
513 497
891 497
892 497
525 497
526 497
899 497
527 497
528 497
529 497
499 498
511 498
512 498
513 498
891 498
892 498
893 498
894 498
895 498
896 498
514 498
515 498
524 498
525 498
526 498
897 498
898 498
899 498
900 498
527 498
528 498
529 498
530 498
511 499
512 499
513 499
500 499
514 499
515 499
528 499
529 499
530 499
531 499
516 499
532 499
501 500
515 500
516 500
502 500
517 500
514 500
530 500
531 500
532 500
502 501
516 501
517 501
503 501
518 501
515 501
531 501
532 501
533 501
516 502
517 502
503 502
518 502
504 502
519 502
515 502
531 502
532 502
533 502
504 503
517 503
518 503
519 503
516 503
505 503
520 503
532 503
533 503
534 503
505 504
518 504
519 504
520 504
506 504
521 504
517 504
533 504
534 504
535 504
506 505
519 505
520 505
521 505
534 505
535 505
507 505
522 505
536 505
518 505
533 505
507 506
520 506
521 506
522 506
508 506
519 506
523 506
534 506
535 506
536 506
508 507
521 507
522 507
523 507
535 507
536 507
510 507
808 507
809 507
810 507
811 507
812 507
813 507
520 507
509 507
534 507
509 508
510 508
522 508
523 508
806 508
807 508
808 508
809 508
810 508
811 508
521 508
535 508
536 508
812 508
813 508
510 509
804 509
805 509
806 509
807 509
808 509
809 509
522 509
523 509
810 509
811 509
522 510
523 510
536 510
808 510
809 510
810 510
811 510
812 510
813 510
804 510
806 510
805 510
807 510
512 511
524 511
525 511
526 511
527 511
528 511
513 511
538 511
539 511
893 511
895 511
897 511
894 511
896 511
898 511
899 511
900 511
901 511
902 511
529 511
513 512
524 512
525 512
526 512
527 512
528 512
539 512
540 512
541 512
542 512
529 512
543 512
514 512
530 512
544 512
893 512
894 512
895 512
896 512
897 512
898 512
899 512
900 512
514 513
528 513
529 513
530 513
515 513
531 513
525 513
527 513
541 513
542 513
543 513
544 513
537 513
545 513
515 514
529 514
530 514
531 514
516 514
532 514
528 514
542 514
543 514
544 514
537 514
545 514
559 514
560 514
516 515
530 515
531 515
532 515
517 515
529 515
537 515
543 515
544 515
545 515
559 515
560 515
533 515
561 515
562 515
517 516
518 516
530 516
531 516
532 516
537 516
559 516
560 516
533 516
561 516
562 516
518 517
532 517
533 517
519 517
531 517
560 517
561 517
562 517
534 517
563 517
519 518
520 518
533 518
534 518
532 518
561 518
562 518
563 518
532 519
533 519
534 519
561 519
562 519
563 519
520 519
521 519
535 519
564 519
533 520
534 520
521 520
522 520
535 520
536 520
562 520
563 520
564 520
533 521
534 521
535 521
562 521
563 521
564 521
522 521
536 521
523 521
810 521
811 521
812 521
813 521
814 521
815 521
523 522
535 522
536 522
808 522
809 522
810 522
811 522
812 522
813 522
534 522
563 522
564 522
814 522
815 522
536 523
808 523
809 523
810 523
811 523
812 523
813 523
535 523
564 523
814 523
815 523
806 523
807 523
525 524
526 524
538 524
539 524
897 524
898 524
899 524
900 524
901 524
902 524
527 524
528 524
565 524
566 524
903 524
904 524
540 524
541 524
567 524
895 524
896 524
526 525
538 525
539 525
897 525
898 525
899 525
900 525
901 525
902 525
527 525
528 525
540 525
541 525
542 525
529 525
543 525
895 525
896 525
895 526
896 526
897 526
898 526
899 526
900 526
538 526
539 526
901 526
902 526
527 526
528 526
540 526
541 526
542 526
565 526
566 526
903 526
904 526
567 526
528 527
539 527
540 527
541 527
542 527
547 527
548 527
568 527
529 527
543 527
549 527
538 527
565 527
566 527
567 527
569 527
529 528
541 528
542 528
543 528
530 528
544 528
539 528
540 528
547 528
548 528
568 528
549 528
550 528
541 529
542 529
543 529
547 529
548 529
549 529
530 529
531 529
544 529
550 529
537 529
545 529
551 529
537 530
544 530
545 530
546 530
550 530
551 530
552 530
559 530
531 530
532 530
542 530
543 530
560 530
548 530
549 530
537 531
543 531
544 531
545 531
532 531
559 531
560 531
533 531
561 531
562 531
546 531
583 531
584 531
585 531
586 531
533 532
560 532
561 532
562 532
586 532
587 532
588 532
534 532
563 532
589 532
590 532
559 532
585 532
537 532
534 533
561 533
562 533
563 533
560 533
535 533
564 533
586 533
587 533
588 533
589 533
590 533
591 533
535 534
561 534
562 534
563 534
564 534
536 534
588 534
589 534
590 534
591 534
812 534
813 534
814 534
815 534
816 534
817 534
536 535
564 535
810 535
811 535
812 535
813 535
814 535
815 535
563 535
562 535
590 535
591 535
816 535
817 535
563 536
564 536
591 536
812 536
814 536
816 536
813 536
815 536
817 536
810 536
811 536
808 536
809 536
543 537
544 537
545 537
546 537
559 537
549 537
550 537
551 537
552 537
582 537
583 537
584 537
560 537
585 537
539 538
540 538
565 538
566 538
567 538
592 538
593 538
594 538
897 538
899 538
901 538
898 538
900 538
902 538
903 538
904 538
905 538
906 538
541 538
565 539
566 539
592 539
593 539
901 539
902 539
903 539
904 539
905 539
906 539
540 539
567 539
594 539
899 539
900 539
541 539
568 539
569 539
595 539
542 539
547 539
897 539
898 539
548 539
567 540
568 540
569 540
570 540
571 540
594 540
595 540
596 540
541 540
547 540
566 540
565 540
542 540
548 540
553 540
554 540
592 540
593 540
542 541
543 541
547 541
548 541
568 541
549 541
566 541
567 541
569 541
553 541
554 541
570 541
565 541
555 541
571 541
543 542
547 542
548 542
549 542
553 542
554 542
555 542
544 542
550 542
556 542
568 542
570 542
544 543
545 543
547 543
548 543
549 543
550 543
551 543
553 543
554 543
555 543
556 543
557 543
545 544
546 544
550 544
551 544
552 544
559 544
548 544
549 544
554 544
555 544
556 544
557 544
558 544
546 545
559 545
560 545
583 545
584 545
585 545
549 545
550 545
551 545
552 545
582 545
555 545
556 545
557 545
558 545
581 545
559 546
551 546
552 546
582 546
583 546
584 546
550 546
556 546
557 546
558 546
581 546
560 546
585 546
615 546
616 546
618 546
619 546
620 546
553 547
567 547
568 547
569 547
570 547
571 547
572 547
573 547
574 547
548 547
554 547
566 547
549 547
555 547
575 547
576 547
549 548
553 548
554 548
555 548
568 548
570 548
550 548
556 548
573 548
574 548
575 548
576 548
577 548
550 549
554 549
555 549
556 549
553 549
551 549
557 549
574 549
575 549
576 549
577 549
578 549
551 550
552 550
556 550
557 550
558 550
554 550
555 550
575 550
576 550
577 550
578 550
579 550
559 550
552 551
559 551
556 551
557 551
558 551
582 551
583 551
584 551
581 551
555 551
576 551
577 551
578 551
579 551
580 551
559 552
557 552
558 552
581 552
582 552
583 552
556 552
577 552
578 552
579 552
580 552
606 552
615 552
616 552
618 552
584 552
619 552
568 553
569 553
570 553
571 553
572 553
573 553
574 553
554 553
575 553
555 553
576 553
567 553
568 554
570 554
555 554
574 554
575 554
576 554
573 554
556 554
577 554
556 555
557 555
576 555
577 555
578 555
574 555
575 555
575 556
576 556
577 556
557 556
578 556
558 556
579 556
558 557
577 557
578 557
579 557
580 557
581 557
582 557
576 557
583 557
577 558
578 558
579 558
580 558
581 558
582 558
606 558
615 558
616 558
583 558
618 558
560 559
583 559
584 559
585 559
561 559
586 559
582 559
616 559
618 559
619 559
620 559
621 559
561 560
562 560
586 560
587 560
588 560
584 560
585 560
619 560
620 560
621 560
622 560
583 560
562 561
586 561
587 561
588 561
563 561
589 561
590 561
585 561
620 561
621 561
622 561
623 561
624 561
586 562
587 562
588 562
563 562
564 562
590 562
591 562
589 562
622 562
623 562
624 562
625 562
564 563
590 563
591 563
812 563
813 563
814 563
815 563
816 563
817 563
588 563
589 563
624 563
625 563
818 563
819 563
591 564
812 564
813 564
814 564
815 564
816 564
817 564
590 564
625 564
818 564
819 564
810 564
811 564
566 565
567 565
592 565
593 565
594 565
626 565
627 565
903 565
904 565
905 565
906 565
907 565
908 565
597 565
629 565
899 565
901 565
900 565
902 565
592 566
593 566
626 566
627 566
903 566
904 566
905 566
906 566
907 566
908 566
567 566
594 566
597 566
629 566
569 566
595 566
598 566
901 566
902 566
568 566
899 566
900 566
568 567
569 567
593 567
594 567
595 567
570 567
571 567
596 567
592 567
597 567
626 567
627 567
629 567
598 567
599 567
569 568
570 568
571 568
594 568
595 568
596 568
572 568
573 568
574 568
600 568
575 568
593 568
570 569
571 569
594 569
595 569
596 569
572 569
573 569
574 569
600 569
593 569
597 569
598 569
629 569
599 569
601 569
571 570
572 570
573 570
595 570
596 570
600 570
574 570
575 570
594 570
572 571
573 571
595 571
596 571
600 571
574 571
594 571
597 571
598 571
599 571
601 571
573 572
596 572
600 572
574 572
595 572
598 572
599 572
601 572
596 573
600 573
574 573
575 573
595 573
575 574
576 574
576 575
577 575
577 576
578 576
578 577
579 577
579 578
580 578
581 578
582 578
580 579
581 579
582 579
606 579
615 579
616 579
581 580
582 580
606 580
615 580
616 580
605 580
613 580
614 580
582 581
583 581
613 581
614 581
615 581
616 581
617 581
618 581
606 581
605 581
583 582
615 582
616 582
618 582
584 582
619 582
605 582
606 582
613 582
614 582
617 582
636 582
584 583
585 583
617 583
618 583
619 583
620 583
636 583
637 583
638 583
615 583
616 583
613 583
614 583
585 584
618 584
619 584
620 584
586 584
621 584
614 584
616 584
617 584
636 584
637 584
638 584
639 584
586 585
587 585
620 585
621 585
622 585
638 585
639 585
640 585
619 585
617 585
618 585
636 585
637 585
587 586
620 586
621 586
622 586
588 586
623 586
619 586
637 586
638 586
639 586
640 586
641 586
620 587
621 587
622 587
638 587
639 587
640 587
588 587
623 587
641 587
589 587
624 587
642 587
589 588
622 588
623 588
624 588
590 588
625 588
621 588
639 588
640 588
641 588
642 588
590 589
623 589
624 589
625 589
591 589
622 589
640 589
641 589
642 589
816 589
817 589
818 589
819 589
820 589
821 589
623 590
624 590
625 590
591 590
814 590
815 590
816 590
817 590
818 590
819 590
641 590
642 590
820 590
821 590
625 591
814 591
815 591
816 591
817 591
818 591
819 591
624 591
642 591
820 591
821 591
812 591
813 591
593 592
626 592
627 592
649 592
650 592
905 592
906 592
907 592
908 592
909 592
910 592
628 592
629 592
901 592
903 592
904 592
902 592
594 592
597 592
594 593
595 593
597 593
598 593
608 593
629 593
630 593
633 593
626 593
627 593
649 593
650 593
905 593
906 593
907 593
908 593
909 593
910 593
628 593
903 593
904 593
901 593
902 593
595 594
596 594
597 594
626 594
627 594
629 594
598 594
599 594
608 594
630 594
633 594
607 594
628 594
596 595
598 595
599 595
600 595
601 595
597 595
608 595
629 595
630 595
633 595
607 595
602 595
600 596
598 596
599 596
601 596
597 596
607 596
608 596
633 596
602 596
598 597
629 597
599 597
607 597
608 597
633 597
609 597
610 597
634 597
626 597
627 597
628 597
630 597
631 597
652 597
653 597
608 598
629 598
630 598
633 598
599 598
607 598
600 598
601 598
602 598
603 598
609 598
610 598
634 598
631 598
600 599
601 599
602 599
607 599
608 599
603 599
609 599
610 599
633 599
634 599
601 600
602 600
607 600
608 600
602 601
603 601
607 601
609 601
608 601
610 601
603 602
607 602
609 602
604 602
611 602
608 602
610 602
612 602
604 603
607 603
608 603
609 603
610 603
611 603
612 603
605 603
613 603
614 603
605 604
609 604
611 604
613 604
606 604
615 604
607 604
608 604
610 604
612 604
614 604
616 604
606 605
611 605
613 605
615 605
614 605
616 605
609 605
610 605
612 605
611 606
613 606
615 606
612 606
614 606
616 606
608 607
633 607
609 607
610 607
634 607
611 607
612 607
635 607
609 608
610 608
611 608
612 608
633 608
634 608
635 608
629 608
630 608
631 608
632 608
610 609
611 609
612 609
633 609
634 609
635 609
613 609
614 609
617 609
611 610
612 610
633 610
634 610
635 610
629 610
630 610
631 610
632 610
614 610
617 610
636 610
613 610
613 611
615 611
612 611
633 611
634 611
635 611
614 611
617 611
616 611
618 611
614 612
616 612
617 612
618 612
619 612
632 612
635 612
636 612
630 612
631 612
633 612
634 612
613 612
615 612
614 613
615 613
616 613
617 613
618 613
635 613
634 613
615 614
616 614
617 614
618 614
619 614
632 614
635 614
636 614
631 614
634 614
616 615
617 615
618 615
635 615
618 616
619 616
617 616
635 616
632 616
636 616
618 617
619 617
620 617
636 617
637 617
638 617
631 617
632 617
634 617
635 617
643 617
653 617
654 617
644 617
619 618
635 618
636 618
620 618
637 618
638 618
632 618
643 618
644 618
632 619
635 619
636 619
637 619
643 619
644 619
620 619
638 619
645 619
621 619
639 619
646 619
621 620
622 620
637 620
638 620
639 620
640 620
636 620
643 620
644 620
645 620
646 620
647 620
622 621
638 621
639 621
640 621
623 621
641 621
637 621
644 621
645 621
646 621
647 621
648 621
623 622
638 622
639 622
640 622
641 622
624 622
642 622
645 622
646 622
647 622
648 622
624 623
640 623
641 623
642 623
625 623
639 623
646 623
647 623
648 623
818 623
819 623
820 623
821 623
822 623
823 623
625 624
641 624
642 624
816 624
817 624
818 624
819 624
820 624
821 624
640 624
647 624
648 624
822 624
823 624
641 625
642 625
648 625
818 625
819 625
820 625
821 625
822 625
823 625
814 625
816 625
815 625
817 625
627 626
649 626
650 626
905 626
906 626
907 626
908 626
909 626
910 626
660 626
661 626
911 626
912 626
628 626
651 626
903 626
904 626
629 626
649 627
650 627
905 627
906 627
907 627
908 627
909 627
910 627
660 627
661 627
911 627
912 627
628 627
629 627
651 627
630 627
652 627
633 627
903 627
904 627
629 628
630 628
650 628
651 628
652 628
649 628
633 628
631 628
634 628
653 628
660 628
661 628
662 628
663 628
664 628
665 628
630 629
631 629
633 629
634 629
652 629
653 629
650 629
651 629
649 629
633 630
631 630
634 630
652 630
653 630
650 630
651 630
632 630
635 630
654 630
663 630
664 630
665 630
666 630
632 631
634 631
635 631
636 631
643 631
653 631
654 631
633 631
652 631
651 631
663 631
664 631
665 631
666 631
655 631
667 631
635 632
636 632
637 632
643 632
644 632
654 632
655 632
656 632
652 632
653 632
664 632
665 632
666 632
667 632
634 632
633 632
634 633
635 633
652 633
653 633
654 633
635 634
636 634
643 634
653 634
654 634
652 634
636 635
643 635
653 635
654 635
637 635
644 635
652 635
637 636
643 636
644 636
638 636
645 636
654 636
655 636
656 636
657 636
653 636
638 637
643 637
644 637
645 637
639 637
646 637
654 637
655 637
656 637
657 637
658 637
639 638
640 638
645 638
646 638
647 638
643 638
644 638
655 638
656 638
657 638
658 638
659 638
640 639
645 639
646 639
647 639
641 639
648 639
644 639
656 639
657 639
658 639
659 639
641 640
646 640
647 640
648 640
642 640
645 640
657 640
658 640
659 640
820 640
821 640
822 640
823 640
824 640
825 640
642 641
646 641
647 641
648 641
818 641
819 641
820 641
821 641
822 641
823 641
658 641
659 641
824 641
825 641
816 642
817 642
818 642
819 642
820 642
821 642
647 642
648 642
659 642
822 642
823 642
824 642
825 642
644 643
645 643
654 643
655 643
656 643
666 643
667 643
668 643
669 643
657 643
670 643
653 643
665 643
645 644
655 644
656 644
657 644
646 644
658 644
654 644
666 644
667 644
668 644
669 644
670 644
671 644
646 645
656 645
657 645
658 645
669 645
670 645
671 645
647 645
659 645
655 645
656 646
657 646
658 646
647 646
659 646
648 646
669 646
670 646
671 646
822 646
823 646
824 646
825 646
826 646
827 646
648 647
658 647
659 647
671 647
822 647
823 647
824 647
825 647
826 647
827 647
657 647
820 647
821 647
670 647
659 648
820 648
821 648
822 648
823 648
824 648
825 648
658 648
671 648
826 648
827 648
818 648
819 648
650 649
651 649
660 649
661 649
907 649
908 649
909 649
910 649
911 649
912 649
739 649
740 649
913 649
914 649
905 649
906 649
662 649
663 649
741 649
905 650
906 650
907 650
908 650
909 650
910 650
660 650
661 650
911 650
912 650
651 650
652 650
662 650
663 650
664 650
739 650
740 650
913 650
914 650
741 650
652 651
661 651
662 651
663 651
664 651
653 651
665 651
660 651
739 651
740 651
741 651
672 651
673 651
742 651
674 651
675 651
653 652
654 652
664 652
665 652
666 652
661 652
662 652
663 652
672 652
673 652
674 652
675 652
676 652
654 653
664 653
665 653
666 653
663 653
655 653
667 653
673 653
674 653
675 653
676 653
677 653
655 654
665 654
666 654
667 654
656 654
668 654
669 654
664 654
674 654
675 654
676 654
677 654
678 654
656 655
657 655
667 655
668 655
669 655
670 655
679 655
680 655
681 655
666 655
665 655
675 655
676 655
677 655
678 655
690 655
657 656
669 656
670 656
658 656
671 656
667 656
668 656
679 656
680 656
681 656
666 656
658 657
669 657
670 657
671 657
659 657
667 657
668 657
679 657
680 657
681 657
824 657
825 657
826 657
827 657
828 657
829 657
659 658
670 658
671 658
822 658
823 658
824 658
825 658
826 658
827 658
669 658
680 658
681 658
828 658
829 658
671 659
822 659
823 659
824 659
825 659
826 659
827 659
670 659
681 659
828 659
829 659
820 659
821 659
739 660
909 660
911 660
913 660
910 660
912 660
914 660
711 660
915 660
661 660
740 660
662 660
663 660
741 660
712 660
916 660
713 660
907 660
908 660
662 661
711 661
712 661
713 661
739 661
740 661
741 661
672 661
714 661
742 661
663 661
664 661
907 661
908 661
909 661
910 661
911 661
912 661
673 661
913 661
914 661
674 661
915 661
916 661
663 662
672 662
673 662
740 662
741 662
742 662
664 662
674 662
682 662
683 662
743 662
684 662
711 662
712 662
713 662
739 662
714 662
715 662
664 663
672 663
673 663
674 663
665 663
675 663
682 663
683 663
741 663
742 663
743 663
740 663
684 663
685 663
739 663
665 664
673 664
674 664
675 664
683 664
684 664
685 664
666 664
676 664
686 664
672 664
682 664
666 665
674 665
675 665
676 665
667 665
677 665
673 665
683 665
684 665
685 665
686 665
687 665
667 666
674 666
675 666
676 666
684 666
685 666
686 666
677 666
687 666
668 666
678 666
688 666
669 666
668 667
677 667
678 667
679 667
687 667
688 667
689 667
690 667
669 667
676 667
680 667
675 667
670 667
681 667
685 667
686 667
669 668
677 668
678 668
679 668
680 668
690 668
670 668
681 668
676 668
686 668
687 668
688 668
689 668
708 668
709 668
710 668
707 668
670 669
671 669
680 669
681 669
679 669
678 669
690 669
708 669
709 669
710 669
677 669
676 669
826 669
827 669
828 669
829 669
830 669
831 669
679 670
680 670
681 670
671 670
824 670
825 670
826 670
827 670
828 670
829 670
709 670
710 670
830 670
831 670
680 671
681 671
710 671
826 671
827 671
828 671
829 671
830 671
831 671
822 671
824 671
823 671
825 671
673 672
674 672
682 672
683 672
684 672
692 672
693 672
694 672
712 672
713 672
714 672
740 672
741 672
742 672
715 672
743 672
691 672
706 672
674 673
682 673
683 673
684 673
675 673
685 673
741 673
742 673
743 673
691 673
692 673
693 673
694 673
740 673
695 673
675 674
676 674
684 674
685 674
686 674
682 674
683 674
692 674
693 674
694 674
695 674
696 674
676 675
684 675
685 675
686 675
677 675
687 675
683 675
693 675
694 675
695 675
696 675
697 675
677 676
678 676
686 676
687 676
688 676
684 676
685 676
694 676
695 676
696 676
697 676
698 676
678 677
686 677
687 677
688 677
679 677
680 677
690 677
685 677
689 677
695 677
696 677
697 677
698 677
699 677
679 678
687 678
688 678
689 678
690 678
680 678
708 678
709 678
710 678
686 678
696 678
697 678
698 678
699 678
700 678
707 678
680 679
690 679
708 679
709 679
710 679
721 679
722 679
723 679
687 679
688 679
689 679
681 679
828 679
829 679
830 679
831 679
832 679
833 679
707 679
720 679
690 680
708 680
709 680
710 680
681 680
826 680
827 680
828 680
829 680
830 680
831 680
721 680
722 680
723 680
832 680
833 680
710 681
826 681
828 681
830 681
709 681
827 681
829 681
831 681
723 681
832 681
833 681
722 681
824 681
825 681
691 682
692 682
706 682
714 682
715 682
742 682
743 682
683 682
693 682
684 682
694 682
741 682
713 682
684 683
741 683
742 683
743 683
685 683
692 683
693 683
694 683
695 683
691 683
685 684
686 684
694 684
695 684
696 684
693 684
692 684
686 685
694 685
695 685
696 685
693 685
687 685
697 685
694 686
695 686
696 686
687 686
697 686
688 686
698 686
695 687
696 687
697 687
688 687
698 687
689 687
699 687
690 687
689 688
690 688
697 688
698 688
699 688
700 688
707 688
708 688
709 688
696 688
690 689
698 689
699 689
700 689
707 689
708 689
709 689
697 689
701 689
720 689
721 689
722 689
698 690
699 690
700 690
707 690
708 690
709 690
710 690
721 690
722 690
723 690
697 690
701 690
720 690
692 691
706 691
715 691
743 691
693 691
705 691
716 691
714 691
728 691
742 691
693 692
742 692
743 692
706 692
715 692
714 692
694 692
694 693
743 693
742 693
695 693
695 694
696 694
696 695
697 695
697 696
698 696
698 697
699 697
699 698
700 698
707 698
708 698
700 699
707 699
708 699
701 699
720 699
721 699
707 700
708 700
701 700
720 700
702 700
719 700
721 700
731 700
707 701
720 701
702 701
719 701
703 701
718 701
708 701
721 701
730 701
731 701
703 702
718 702
719 702
720 702
707 702
708 702
721 702
731 702
704 702
717 702
729 702
730 702
704 703
717 703
718 703
719 703
705 703
716 703
720 703
728 703
729 703
730 703
731 703
721 703
717 704
718 704
719 704
705 704
716 704
728 704
729 704
730 704
731 704
706 704
715 704
714 704
706 705
715 705
716 705
717 705
743 705
714 705
728 705
742 705
729 705
718 705
730 705
715 706
716 706
743 706
714 706
717 706
728 706
729 706
742 706
720 707
708 707
709 707
721 707
722 707
719 707
731 707
734 707
709 708
720 708
721 708
722 708
710 708
723 708
731 708
734 708
737 708
719 708
710 709
721 709
722 709
723 709
828 709
829 709
830 709
831 709
832 709
833 709
719 709
720 709
731 709
734 709
737 709
738 709
834 709
835 709
827 710
829 710
831 710
723 710
828 710
830 710
832 710
721 710
722 710
833 710
731 710
734 710
737 710
738 710
834 710
835 710
826 710
724 711
916 711
918 711
712 711
725 711
726 711
735 711
713 711
727 711
732 711
739 711
740 711
911 711
912 711
913 711
914 711
915 711
741 711
917 711
724 712
725 712
726 712
739 712
740 712
913 712
914 712
915 712
916 712
917 712
918 712
713 712
727 712
741 712
714 712
728 712
742 712
735 712
732 712
729 712
911 712
912 712
714 713
715 713
716 713
717 713
727 713
728 713
729 713
732 713
739 713
740 713
741 713
742 713
743 713
726 713
725 713
735 713
715 714
716 714
727 714
728 714
741 714
742 714
743 714
726 714
740 714
717 714
729 714
732 714
735 714
716 715
728 715
742 715
743 715
727 715
741 715
717 715
729 715
732 715
717 716
728 716
729 716
718 716
730 716
727 716
732 716
733 716
743 716
742 716
741 716
728 717
729 717
718 717
719 717
730 717
731 717
727 717
732 717
733 717
734 717
719 718
720 718
721 718
730 718
731 718
727 718
728 718
729 718
732 718
733 718
734 718
722 718
720 719
721 719
730 719
731 719
729 719
722 719
734 719
732 719
733 719
721 720
722 720
731 720
734 720
730 720
733 720
722 721
731 721
734 721
730 721
723 721
737 721
733 721
736 721
723 722
730 722
731 722
733 722
734 722
736 722
737 722
738 722
830 722
831 722
832 722
833 722
834 722
835 722
828 722
829 722
734 723
737 723
738 723
830 723
831 723
832 723
833 723
834 723
835 723
730 723
731 723
733 723
736 723
828 723
829 723
725 724
726 724
735 724
739 724
740 724
913 724
914 724
915 724
916 724
917 724
918 724
726 725
727 725
739 725
740 725
741 725
913 725
914 725
915 725
916 725
917 725
918 725
735 725
732 725
733 725
736 725
727 726
728 726
729 726
730 726
732 726
733 726
735 726
736 726
740 726
741 726
742 726
739 726
913 726
914 726
915 726
916 726
917 726
918 726
728 727
729 727
732 727
735 727
740 727
741 727
742 727
739 727
730 727
733 727
736 727
743 727
740 728
741 728
742 728
729 728
732 728
743 728
730 728
735 728
733 728
736 728
730 729
732 729
733 729
731 729
734 729
735 729
736 729
737 729
731 730
732 730
733 730
734 730
735 730
736 730
737 730
732 731
733 731
734 731
735 731
736 731
737 731
735 732
733 732
736 732
734 732
737 732
734 733
735 733
736 733
737 733
738 733
737 734
735 734
736 734
738 734
830 734
831 734
832 734
833 734
834 734
835 734
736 735
737 735
737 736
738 736
738 737
832 737
833 737
834 737
835 737
830 737
831 737
832 738
833 738
834 738
835 738
830 738
831 738
740 739
741 739
912 739
914 739
916 739
913 739
915 739
917 739
918 739
911 739
909 739
910 739
741 740
742 740
913 740
914 740
915 740
916 740
917 740
918 740
911 740
912 740
909 740
910 740
742 741
743 741
743 742
746 744
748 744
745 744
747 744
749 744
747 745
749 745
746 745
748 745
747 746
748 746
749 746
750 746
751 746
748 747
749 747
750 747
751 747
749 748
750 748
752 748
751 748
753 748
751 749
750 749
752 749
753 749
751 750
752 750
754 750
753 750
755 750
753 751
755 751
752 751
754 751
754 752
756 752
753 752
755 752
757 752
755 753
757 753
754 753
756 753
756 754
758 754
755 754
757 754
759 754
756 755
757 755
758 755
759 755
757 756
758 756
759 756
760 756
761 756
758 757
759 757
760 757
761 757
760 758
762 758
759 758
761 758
763 758
761 759
763 759
760 759
762 759
762 760
764 760
761 760
763 760
765 760
763 761
765 761
762 761
764 761
764 762
763 762
765 762
766 762
767 762
764 763
765 763
767 763
766 763
765 764
766 764
767 764
768 764
769 764
767 765
769 765
766 765
768 765
767 766
768 766
769 766
770 766
771 766
768 767
769 767
770 767
771 767
769 768
770 768
771 768
772 768
773 768
771 769
770 769
772 769
773 769
772 770
771 770
774 770
773 770
775 770
773 771
772 771
775 771
774 771
773 772
774 772
775 772
776 772
777 772
774 773
775 773
776 773
777 773
776 774
775 774
778 774
777 774
779 774
777 775
776 775
779 775
778 775
778 776
780 776
777 776
779 776
781 776
778 777
779 777
780 777
781 777
779 778
780 778
781 778
782 778
783 778
780 779
781 779
783 779
782 779
782 780
781 780
784 780
783 780
785 780
782 781
783 781
785 781
784 781
783 782
784 782
785 782
786 782
787 782
784 783
785 783
786 783
787 783
785 784
786 784
787 784
788 784
789 784
786 785
787 785
788 785
789 785
787 786
788 786
789 786
790 786
791 786
789 787
791 787
788 787
790 787
789 788
790 788
791 788
792 788
793 788
790 789
791 789
792 789
793 789
792 790
791 790
793 790
794 790
795 790
793 791
795 791
792 791
794 791
794 792
793 792
795 792
796 792
797 792
794 793
795 793
796 793
797 793
796 794
795 794
797 794
798 794
799 794
797 795
796 795
798 795
799 795
798 796
800 796
797 796
799 796
801 796
836 796
799 797
801 797
836 797
798 797
800 797
800 798
802 798
803 798
836 798
799 798
801 798
801 799
836 799
800 799
803 799
802 800
803 800
836 800
804 800
805 800
801 800
836 801
803 801
803 802
836 802
804 802
806 802
805 802
807 802
836 803
805 803
807 803
804 803
806 803
805 804
806 804
807 804
808 804
809 804
836 804
807 805
809 805
836 805
806 805
808 805
807 806
808 806
809 806
810 806
811 806
809 807
808 807
810 807
811 807
810 808
809 808
811 808
812 808
813 808
811 809
810 809
812 809
813 809
811 810
812 810
813 810
814 810
815 810
812 811
813 811
814 811
815 811
813 812
814 812
815 812
816 812
817 812
814 813
815 813
816 813
817 813
816 814
815 814
818 814
817 814
819 814
817 815
819 815
816 815
818 815
817 816
818 816
819 816
820 816
821 816
818 817
819 817
820 817
821 817
819 818
820 818
821 818
822 818
823 818
821 819
823 819
820 819
822 819
822 820
824 820
821 820
823 820
825 820
822 821
823 821
825 821
824 821
823 822
824 822
825 822
826 822
827 822
824 823
825 823
826 823
827 823
826 824
828 824
825 824
827 824
829 824
827 825
829 825
826 825
828 825
827 826
828 826
829 826
830 826
831 826
828 827
829 827
831 827
830 827
829 828
830 828
831 828
832 828
833 828
831 829
833 829
830 829
832 829
832 830
834 830
831 830
833 830
835 830
832 831
833 831
834 831
835 831
834 832
833 832
835 832
835 833
834 833
835 834
1 837
839 837
838 837
840 837
841 837
842 837
1 838
839 838
840 838
841 838
842 838
1 839
841 839
840 839
842 839
843 839
844 839
841 840
842 840
843 840
844 840
1 840
1 841
842 841
843 841
844 841
845 841
846 841
843 842
844 842
845 842
846 842
1 842
845 843
844 843
846 843
847 843
848 843
846 844
848 844
845 844
847 844
847 845
849 845
846 845
848 845
850 845
848 846
850 846
847 846
849 846
848 847
849 847
850 847
851 847
852 847
849 848
850 848
851 848
852 848
850 849
851 849
852 849
853 849
854 849
851 850
852 850
853 850
854 850
852 851
853 851
854 851
855 851
856 851
853 852
854 852
855 852
856 852
854 853
855 853
856 853
857 853
858 853
856 854
858 854
855 854
857 854
857 855
859 855
856 855
858 855
860 855
858 856
860 856
857 856
859 856
858 857
859 857
860 857
861 857
862 857
859 858
860 858
862 858
861 858
860 859
861 859
862 859
863 859
864 859
861 860
862 860
864 860
863 860
862 861
863 861
864 861
865 861
866 861
863 862
864 862
865 862
866 862
864 863
865 863
866 863
867 863
868 863
866 864
865 864
867 864
868 864
867 865
866 865
868 865
869 865
870 865
868 866
867 866
870 866
869 866
868 867
869 867
870 867
871 867
872 867
869 868
870 868
871 868
872 868
870 869
871 869
872 869
873 869
874 869
871 870
872 870
873 870
874 870
873 871
872 871
874 871
875 871
876 871
874 872
876 872
873 872
875 872
875 873
874 873
876 873
877 873
878 873
875 874
876 874
877 874
878 874
877 875
876 875
878 875
879 875
880 875
878 876
877 876
879 876
880 876
879 877
878 877
880 877
881 877
882 877
880 878
879 878
881 878
882 878
880 879
881 879
882 879
883 879
884 879
881 880
882 880
883 880
884 880
882 881
883 881
884 881
885 881
886 881
884 882
883 882
886 882
885 882
884 883
885 883
886 883
887 883
888 883
885 884
886 884
887 884
888 884
887 885
886 885
888 885
889 885
890 885
887 886
888 886
889 886
890 886
888 887
889 887
890 887
891 887
892 887
890 888
892 888
889 888
891 888
891 889
890 889
892 889
893 889
894 889
892 890
894 890
891 890
893 890
892 891
893 891
894 891
895 891
896 891
894 892
893 892
895 892
896 892
895 893
897 893
894 893
896 893
898 893
895 894
896 894
897 894
898 894
896 895
897 895
898 895
899 895
900 895
898 896
897 896
899 896
900 896
899 897
898 897
900 897
901 897
902 897
899 898
900 898
901 898
902 898
901 899
900 899
902 899
903 899
904 899
901 900
902 900
904 900
903 900
902 901
903 901
904 901
905 901
906 901
903 902
904 902
905 902
906 902
905 903
907 903
904 903
906 903
908 903
906 904
905 904
907 904
908 904
906 905
907 905
908 905
909 905
910 905
908 906
907 906
909 906
910 906
909 907
911 907
908 907
910 907
912 907
909 908
910 908
912 908
911 908
910 909
911 909
913 909
912 909
914 909
912 910
911 910
914 910
913 910
912 911
913 911
914 911
915 911
916 911
913 912
914 912
916 912
915 912
915 913
914 913
917 913
916 913
918 913
915 914
916 914
917 914
918 914
916 915
917 915
918 915
917 916
918 916
918 917
