2589
1 2
3 2
16 2
19 2
20 2
21 2
4 2
22 2
170 2
15 2
17 2
35 2
36 2
37 2
38 2
172 2
4 3
20 3
21 3
22 3
170 3
36 3
37 3
38 3
172 3
5 3
23 3
39 3
171 3
174 3
176 3
1 3
16 3
19 3
35 3
5 4
21 4
22 4
23 4
6 4
24 4
20 4
36 4
37 4
38 4
172 4
39 4
40 4
170 4
6 5
22 5
23 5
24 5
7 5
25 5
21 5
37 5
38 5
39 5
40 5
41 5
22 6
23 6
24 6
38 6
39 6
40 6
7 6
25 6
41 6
8 6
26 6
42 6
50 6
48 6
49 6
140 6
146 6
152 6
153 6
174 6
8 7
9 7
25 7
26 7
27 7
41 7
42 7
43 7
188 7
48 7
57 7
141 7
147 7
152 7
153 7
154 7
159 7
164 7
165 7
166 7
170 7
171 7
174 7
175 7
176 7
177 7
49 7
50 7
58 7
140 7
142 7
76 7
23 7
24 7
146 7
186 7
39 7
40 7
158 7
9 8
25 8
26 8
27 8
48 8
49 8
140 8
141 8
186 8
10 8
28 8
24 8
40 8
41 8
42 8
50 8
43 8
188 8
44 8
57 8
58 8
147 8
152 8
153 8
154 8
142 8
146 8
148 8
187 8
190 8
192 8
174 8
10 9
26 9
27 9
28 9
42 9
43 9
44 9
11 9
29 9
45 9
25 9
48 9
49 9
140 9
141 9
186 9
41 9
188 9
11 10
27 10
28 10
29 10
12 10
30 10
63 10
139 10
190 10
194 10
26 10
42 10
43 10
44 10
45 10
46 10
192 10
196 10
62 11
63 11
64 11
83 11
139 11
191 11
195 11
29 11
186 11
187 11
190 11
192 11
193 11
194 11
196 11
198 11
200 11
27 11
28 11
12 11
30 11
13 11
31 11
43 11
44 11
45 11
46 11
34 11
13 12
29 12
30 12
31 12
34 12
45 12
46 12
14 12
32 12
33 12
200 12
28 12
63 12
139 12
190 12
194 12
44 12
192 12
196 12
14 13
30 13
31 13
32 13
18 13
33 13
198 13
29 13
34 13
45 13
46 13
200 13
18 14
31 14
32 14
33 14
198 14
66 14
86 14
30 14
34 14
46 14
200 14
85 14
194 14
195 14
199 14
201 14
1 15
16 15
17 15
51 15
67 15
19 15
20 15
35 15
70 15
52 15
87 15
88 15
94 15
1 16
17 16
19 16
20 16
35 16
51 16
67 16
70 16
21 16
36 16
37 16
71 16
19 17
20 17
35 17
36 17
67 17
70 17
71 17
51 17
52 17
87 17
88 17
94 17
95 17
1 17
33 18
65 18
66 18
85 18
86 18
92 18
93 18
199 18
206 18
34 18
106 18
31 18
32 18
198 18
20 19
35 19
36 19
21 19
37 19
67 19
70 19
71 19
1 19
72 19
51 19
1 20
35 20
21 20
36 20
37 20
22 20
38 20
172 20
67 20
70 20
71 20
72 20
73 20
170 20
22 21
23 21
37 21
38 21
39 21
72 21
73 21
74 21
170 21
171 21
172 21
173 21
176 21
177 21
35 21
36 21
1 21
70 21
71 21
23 22
37 22
38 22
39 22
170 22
24 22
40 22
36 22
71 22
72 22
73 22
172 22
74 22
75 22
24 23
37 23
38 23
39 23
72 23
73 23
74 23
40 23
75 23
25 23
41 23
76 23
38 24
39 24
40 24
25 24
41 24
26 24
42 24
50 24
73 24
74 24
75 24
76 24
77 24
48 24
49 24
140 24
146 24
152 24
153 24
174 24
39 25
40 25
41 25
74 25
75 25
76 25
26 25
42 25
50 25
77 25
27 25
48 25
49 25
140 25
141 25
186 25
43 25
80 25
146 25
152 25
153 25
174 25
57 25
188 25
27 26
41 26
42 26
43 26
76 26
77 26
80 26
188 26
28 26
44 26
47 26
81 26
186 26
187 26
189 26
192 26
193 26
48 26
49 26
140 26
141 26
50 26
146 26
152 26
153 26
174 26
40 26
75 26
41 27
42 27
43 27
188 27
28 27
44 27
29 27
45 27
76 27
77 27
80 27
48 27
49 27
140 27
141 27
186 27
47 27
81 27
82 27
83 27
29 28
43 28
44 28
45 28
30 28
46 28
139 28
192 28
196 28
42 28
47 28
77 28
80 28
81 28
82 28
83 28
84 28
63 28
190 28
194 28
63 29
83 29
139 29
186 29
188 29
190 29
192 29
193 29
194 29
195 29
196 29
197 29
200 29
201 29
30 29
44 29
45 29
46 29
31 29
34 29
43 29
47 29
81 29
82 29
84 29
85 29
63 30
139 30
190 30
194 30
31 30
34 30
45 30
46 30
32 30
33 30
200 30
84 30
85 30
86 30
44 30
192 30
196 30
82 30
83 30
32 31
33 31
34 31
46 31
84 31
85 31
86 31
198 31
45 31
83 31
194 31
196 31
200 31
201 31
66 31
33 32
34 32
198 32
66 32
85 32
86 32
46 32
200 32
84 32
34 33
65 33
66 33
85 33
86 33
92 33
93 33
106 33
198 33
46 33
200 33
84 33
199 33
206 33
138 33
201 33
208 33
46 34
84 34
85 34
86 34
45 34
83 34
64 34
105 34
106 34
138 34
200 34
65 34
66 34
93 34
201 34
208 34
92 34
36 35
37 35
52 35
70 35
71 35
72 35
94 35
95 35
96 35
1 35
67 35
51 35
87 35
88 35
37 36
70 36
71 36
72 36
38 36
73 36
67 36
88 36
94 36
95 36
52 36
96 36
172 36
53 36
68 36
97 36
173 36
180 36
38 37
39 37
68 37
72 37
73 37
74 37
96 37
97 37
98 37
71 37
172 37
70 37
52 37
94 37
95 37
53 37
173 37
180 37
39 38
72 38
73 38
74 38
40 38
75 38
53 38
68 38
71 38
95 38
96 38
97 38
173 38
180 38
98 38
55 38
69 38
99 38
172 38
40 39
73 39
74 39
75 39
41 39
76 39
68 39
72 39
96 39
97 39
98 39
55 39
69 39
99 39
78 39
100 39
41 40
74 40
75 40
76 40
42 40
50 40
77 40
55 40
68 40
69 40
73 40
97 40
98 40
99 40
78 40
100 40
57 40
79 40
42 41
50 41
75 41
76 41
77 41
43 41
188 41
80 41
48 41
57 41
69 41
74 41
78 41
98 41
99 41
100 41
79 41
58 41
43 42
76 42
77 42
80 42
44 42
47 42
81 42
50 42
57 42
69 42
75 42
78 42
79 42
58 42
61 42
101 42
102 42
103 42
188 42
44 43
45 43
47 43
62 43
80 43
81 43
82 43
102 43
103 43
104 43
77 43
83 43
58 43
76 43
78 43
79 43
188 43
61 43
101 43
45 44
47 44
81 44
82 44
83 44
46 44
84 44
77 44
80 44
62 44
102 44
103 44
104 44
105 44
63 44
138 44
139 44
193 44
197 44
192 44
196 44
46 45
63 45
82 45
83 45
84 45
104 45
105 45
138 45
139 45
193 45
197 45
64 45
85 45
106 45
47 45
81 45
103 45
192 45
196 45
139 46
192 46
196 46
83 46
84 46
85 46
63 46
82 46
104 46
105 46
138 46
193 46
197 46
200 46
64 46
106 46
65 46
66 46
86 46
93 46
201 46
208 46
80 47
81 47
82 47
83 47
77 47
61 47
79 47
101 47
102 47
103 47
62 47
104 47
105 47
49 48
50 48
56 48
57 48
58 48
59 48
60 48
69 48
76 48
142 48
148 48
153 48
154 48
155 48
175 48
182 48
77 48
141 48
143 48
140 48
146 48
152 48
174 48
147 48
158 48
159 48
160 48
165 48
164 48
186 48
166 48
167 48
140 49
141 49
146 49
147 49
152 49
58 49
142 49
148 49
153 49
57 49
60 49
143 49
149 49
154 49
50 49
174 49
186 49
56 49
59 49
69 49
76 49
155 49
175 49
182 49
77 49
57 50
76 50
56 50
58 50
59 50
60 50
69 50
142 50
148 50
153 50
154 50
155 50
175 50
182 50
75 50
77 50
78 50
79 50
140 50
146 50
152 50
174 50
141 50
147 50
1 51
67 51
70 51
52 51
87 51
88 51
53 51
71 51
94 51
107 51
122 51
123 51
53 52
71 52
54 52
68 52
72 52
171 52
178 52
70 52
94 52
95 52
96 52
67 52
87 52
88 52
178 53
179 53
180 53
182 53
184 53
71 53
54 53
68 53
72 53
171 53
55 53
73 53
74 53
95 53
96 53
97 53
173 53
170 53
172 53
174 53
175 53
55 54
68 54
56 54
69 54
74 54
72 54
171 54
178 54
73 54
68 55
56 55
69 55
74 55
57 55
72 55
73 55
75 55
76 55
97 55
98 55
99 55
57 56
58 56
59 56
60 56
69 56
76 56
142 56
148 56
153 56
154 56
155 56
175 56
182 56
74 56
75 56
68 56
141 57
147 57
152 57
153 57
154 57
159 57
164 57
165 57
166 57
59 57
142 57
148 57
155 57
160 57
167 57
58 57
60 57
69 57
76 57
175 57
182 57
89 57
143 57
149 57
156 57
161 57
168 57
77 57
171 57
173 57
174 57
177 57
178 57
179 57
183 57
184 57
185 57
78 57
90 57
91 57
61 57
79 57
144 57
187 57
202 57
140 57
74 57
75 57
60 58
141 58
142 58
143 58
147 58
148 58
149 58
154 58
59 58
90 58
144 58
150 58
155 58
69 58
76 58
153 58
175 58
182 58
77 58
152 58
140 58
78 58
89 58
91 58
156 58
61 58
79 58
187 58
202 58
80 58
146 58
142 59
148 59
153 59
154 59
155 59
160 59
165 59
166 59
167 59
60 59
77 59
141 59
143 59
78 59
89 59
90 59
91 59
149 59
156 59
61 59
79 59
144 59
187 59
202 59
75 59
76 59
99 59
100 59
101 59
161 59
168 59
113 59
114 59
150 59
157 59
69 59
175 59
182 59
162 59
169 59
145 59
129 59
89 60
90 60
114 60
143 60
144 60
145 60
149 60
150 60
151 60
156 60
78 60
91 60
154 60
155 60
186 60
187 60
188 60
189 60
190 60
191 60
202 60
203 60
204 60
206 60
208 60
77 60
141 60
142 60
61 60
79 60
69 60
76 60
148 60
153 60
175 60
182 60
62 60
80 60
100 60
101 60
102 60
113 60
157 60
147 60
62 61
80 61
63 61
81 61
77 61
79 61
101 61
102 61
103 61
89 61
90 61
142 61
143 61
144 61
187 61
202 61
63 62
81 62
80 62
64 62
83 62
139 62
191 62
195 62
82 62
102 62
103 62
104 62
139 63
190 63
194 63
64 63
65 63
84 63
81 63
82 63
83 63
104 63
105 63
138 63
193 63
197 63
191 63
195 63
187 63
189 63
196 63
198 63
199 63
83 64
139 64
191 64
195 64
65 64
84 64
66 64
85 64
86 64
105 64
106 64
138 64
66 65
84 65
85 65
86 65
93 65
106 65
138 65
201 65
208 65
92 65
199 65
206 65
85 66
86 66
92 66
93 66
199 66
206 66
84 66
106 66
138 66
201 66
208 66
121 66
137 66
136 66
195 66
197 66
198 66
202 66
203 66
207 66
209 66
70 67
87 67
88 67
94 67
71 67
95 67
107 67
122 67
123 67
124 67
1 67
69 68
74 68
72 68
73 68
71 68
95 68
96 68
97 68
173 68
180 68
98 68
75 68
99 68
171 68
178 68
75 69
76 69
77 69
78 69
79 69
142 69
148 69
153 69
154 69
155 69
175 69
182 69
74 69
73 69
97 69
98 69
99 69
100 69
71 70
72 70
88 70
94 70
95 70
96 70
87 70
107 70
122 70
123 70
124 70
125 70
1 70
72 71
73 71
95 71
96 71
97 71
124 71
125 71
126 71
88 71
94 71
173 71
180 71
122 71
123 71
73 72
95 72
96 72
97 72
173 72
180 72
74 72
98 72
94 72
123 72
124 72
125 72
126 72
127 72
171 72
178 72
172 72
175 72
177 72
179 72
181 72
184 72
185 72
74 73
96 73
97 73
98 73
125 73
126 73
127 73
95 73
173 73
180 73
75 73
99 73
128 73
124 73
75 74
97 74
98 74
99 74
76 74
78 74
100 74
96 74
125 74
126 74
127 74
128 74
129 74
78 75
98 75
99 75
100 75
127 75
128 75
129 75
76 75
79 75
91 75
101 75
130 75
97 75
77 75
126 75
77 76
78 76
79 76
80 76
98 76
99 76
100 76
91 76
101 76
142 76
148 76
153 76
154 76
155 76
175 76
182 76
102 76
189 76
204 76
141 77
142 77
143 77
80 77
78 77
79 77
81 77
91 77
99 77
100 77
101 77
102 77
189 77
204 77
103 77
79 78
91 78
99 78
100 78
101 78
89 78
90 78
143 78
149 78
154 78
155 78
156 78
80 78
102 78
189 78
204 78
113 78
129 78
98 78
127 78
128 78
130 78
131 78
80 79
81 79
101 79
102 79
103 79
130 79
131 79
132 79
91 79
99 79
100 79
187 79
188 79
189 79
191 79
193 79
89 79
90 79
142 79
143 79
144 79
202 79
203 79
204 79
205 79
208 79
209 79
128 79
129 79
81 80
82 80
102 80
103 80
104 80
131 80
132 80
133 80
101 80
100 80
189 80
204 80
129 80
130 80
101 81
102 81
103 81
82 81
104 81
83 81
105 81
130 81
131 81
132 81
133 81
134 81
83 82
103 82
104 82
105 82
84 82
138 82
139 82
193 82
197 82
102 82
131 82
132 82
133 82
134 82
135 82
84 83
85 83
103 83
104 83
105 83
132 83
133 83
134 83
135 83
138 83
106 83
136 83
139 83
193 83
197 83
188 83
189 83
190 83
191 83
192 83
195 83
196 83
199 83
201 83
85 84
86 84
105 84
106 84
134 84
135 84
136 84
138 84
104 84
139 84
193 84
197 84
93 84
201 84
208 84
133 84
137 84
86 85
93 85
106 85
138 85
201 85
208 85
92 85
121 85
136 85
137 85
135 85
199 85
206 85
105 85
134 85
196 85
197 85
198 85
200 85
202 85
204 85
209 85
92 86
93 86
106 86
121 86
137 86
138 86
201 86
208 86
136 86
199 86
206 86
135 86
88 87
107 87
122 87
94 87
123 87
108 87
124 87
94 88
107 88
122 88
123 88
95 88
124 88
108 88
90 89
91 89
113 89
114 89
144 89
150 89
155 89
156 89
157 89
143 89
149 89
154 89
145 89
162 89
167 89
168 89
169 89
151 89
163 89
100 89
129 89
142 89
187 89
202 89
112 89
128 89
130 89
183 89
115 89
131 89
203 89
161 89
166 89
142 90
143 90
144 90
148 90
149 90
150 90
155 90
114 90
145 90
151 90
156 90
91 90
113 90
157 90
154 90
187 90
202 90
112 90
128 90
129 90
130 90
183 90
115 90
131 90
203 90
143 91
149 91
154 91
155 91
156 91
99 91
100 91
101 91
113 91
114 91
144 91
150 91
157 91
129 91
128 91
130 91
112 91
145 91
151 91
183 91
93 92
121 92
137 92
106 92
136 92
120 92
207 92
199 92
206 92
106 93
135 93
136 93
137 93
138 93
120 93
121 93
207 93
119 93
209 93
201 93
208 93
199 93
206 93
95 94
122 94
123 94
124 94
96 94
125 94
107 94
108 94
109 94
96 95
97 95
173 95
180 95
122 95
123 95
124 95
125 95
126 95
108 95
109 95
110 95
181 95
97 96
98 96
109 96
110 96
111 96
125 96
126 96
127 96
124 96
173 96
180 96
108 96
122 96
123 96
181 96
98 97
125 97
126 97
127 97
99 97
128 97
108 97
109 97
110 97
124 97
181 97
111 97
173 97
180 97
112 97
99 98
125 98
126 98
127 98
128 98
100 98
129 98
109 98
110 98
111 98
112 98
113 98
100 99
127 99
128 99
129 99
126 99
101 99
130 99
110 99
111 99
112 99
113 99
114 99
127 100
128 100
129 100
101 100
130 100
102 100
131 100
111 100
112 100
113 100
114 100
115 100
205 100
189 100
204 100
102 101
103 101
114 101
115 101
116 101
130 101
131 101
132 101
129 101
189 101
204 101
112 101
113 101
128 101
205 101
103 102
130 102
131 102
132 102
104 102
133 102
113 102
114 102
115 102
129 102
205 102
116 102
117 102
189 102
204 102
104 103
131 103
132 103
133 103
105 103
134 103
114 103
115 103
116 103
130 103
117 103
118 103
105 104
116 104
117 104
118 104
132 104
133 104
134 104
131 104
119 104
135 104
138 104
139 104
193 104
197 104
115 104
133 105
134 105
135 105
138 105
116 105
117 105
118 105
132 105
119 105
106 105
120 105
136 105
139 105
193 105
197 105
138 106
120 106
121 106
136 106
137 106
134 106
135 106
201 106
208 106
118 106
119 106
209 106
108 107
122 107
109 107
123 107
124 107
125 107
122 108
109 108
123 108
124 108
125 108
110 108
126 108
179 108
181 108
110 109
124 109
125 109
126 109
181 109
111 109
127 109
178 109
179 109
180 109
182 109
183 109
122 109
123 109
111 110
125 110
126 110
127 110
112 110
128 110
124 110
179 110
181 110
112 111
126 111
127 111
128 111
113 111
129 111
125 111
113 112
114 112
128 112
129 112
130 112
127 112
126 112
145 112
151 112
156 112
157 112
183 112
114 113
143 113
144 113
145 113
179 113
181 113
182 113
183 113
185 113
128 113
129 113
130 113
151 113
156 113
157 113
115 113
131 113
203 113
127 113
205 113
150 113
162 113
163 113
169 113
155 113
167 113
168 113
128 114
129 114
130 114
145 114
151 114
156 114
157 114
183 114
143 114
144 114
115 114
131 114
203 114
202 114
204 114
205 114
206 114
207 114
116 114
132 114
149 114
150 114
155 114
116 115
130 115
131 115
132 115
129 115
144 115
145 115
203 115
117 115
133 115
205 115
130 116
131 116
132 116
117 116
133 116
118 116
134 116
118 117
132 117
133 117
134 117
119 117
135 117
131 117
138 117
132 118
133 118
134 118
119 118
135 118
138 118
120 118
136 118
120 119
134 119
135 119
136 119
121 119
137 119
133 119
138 119
209 119
134 120
135 120
136 120
121 120
137 120
138 120
209 120
207 120
136 121
137 121
207 121
135 121
138 121
209 121
203 121
205 121
206 121
123 122
124 122
125 122
124 123
125 123
125 124
126 124
179 124
181 124
126 125
127 125
179 125
180 125
181 125
183 125
185 125
127 126
128 126
179 126
181 126
128 127
129 127
129 128
130 128
145 128
151 128
156 128
157 128
183 128
130 129
131 129
144 129
145 129
203 129
151 129
156 129
157 129
183 129
205 129
131 130
132 130
203 130
204 130
205 130
207 130
209 130
144 130
145 130
151 130
156 130
157 130
183 130
132 131
133 131
205 131
144 131
145 131
203 131
133 132
134 132
134 133
135 133
138 133
135 134
136 134
138 134
136 135
138 135
137 135
209 135
137 136
138 136
209 136
204 136
205 136
206 136
207 136
208 136
207 137
138 137
209 137
209 138
201 138
208 138
139 138
193 138
197 138
190 139
194 139
192 139
196 139
191 139
195 139
193 139
197 139
146 140
152 140
153 140
158 140
164 140
165 140
141 140
147 140
174 140
186 140
142 140
148 140
159 140
160 140
142 141
146 141
147 141
148 141
153 141
143 141
149 141
154 141
152 141
158 141
159 141
164 141
160 141
165 141
161 141
166 141
186 141
148 142
153 142
154 142
155 142
160 142
165 142
166 142
167 142
143 142
144 142
187 142
202 142
147 142
149 142
150 142
146 142
158 142
159 142
161 142
162 142
175 142
182 142
144 143
145 143
148 143
149 143
150 143
155 143
154 143
156 143
187 143
202 143
151 143
147 143
159 143
160 143
161 143
166 143
162 143
167 143
163 143
168 143
145 144
149 144
150 144
151 144
156 144
161 144
162 144
163 144
168 144
157 144
169 144
155 144
167 144
148 144
203 144
187 144
202 144
160 144
150 145
151 145
157 145
149 145
156 145
161 145
162 145
163 145
168 145
169 145
183 145
203 145
147 146
148 146
153 146
158 146
159 146
160 146
164 146
165 146
166 146
152 146
174 146
148 147
153 147
152 147
154 147
158 147
159 147
160 147
165 147
149 147
161 147
166 147
164 147
167 147
153 148
158 148
159 148
160 148
164 148
165 148
166 148
149 148
154 148
161 148
167 148
150 148
155 148
162 148
168 148
175 148
182 148
154 149
150 149
155 149
160 149
161 149
162 149
167 149
151 149
156 149
163 149
168 149
166 149
159 149
165 149
169 149
151 150
157 150
162 150
163 150
169 150
155 150
156 150
167 150
168 150
161 150
160 150
166 150
157 151
162 151
163 151
169 151
156 151
168 151
161 151
167 151
183 151
158 152
159 152
164 152
153 152
154 152
165 152
166 152
160 152
174 152
158 153
164 153
165 153
154 153
155 153
159 153
160 153
161 153
166 153
167 153
175 153
182 153
174 153
155 154
160 154
165 154
166 154
167 154
156 154
161 154
168 154
159 154
158 154
164 154
162 154
175 154
182 154
156 155
175 155
182 155
161 155
166 155
167 155
168 155
157 155
162 155
169 155
160 155
165 155
159 155
163 155
157 156
163 156
168 156
169 156
161 156
162 156
167 156
160 156
166 156
183 156
162 157
163 157
169 157
168 157
167 157
161 157
183 157
164 158
165 158
159 158
160 158
166 158
160 159
164 159
165 159
166 159
161 159
167 159
161 160
166 160
165 160
167 160
162 160
168 160
164 160
166 161
165 161
167 161
162 161
168 161
163 161
169 161
167 162
163 162
169 162
168 162
166 162
168 163
169 163
167 163
165 164
166 164
166 165
167 165
167 166
168 166
168 167
169 167
169 168
171 170
172 170
174 170
176 170
173 170
175 170
177 170
172 171
173 171
176 171
177 171
175 171
174 171
178 171
174 172
176 172
173 172
177 172
175 172
180 173
175 173
177 173
174 173
176 173
176 174
177 174
175 174
182 175
176 175
177 175
177 176
179 178
180 178
182 178
184 178
183 178
185 178
181 178
180 179
182 179
184 179
181 179
183 179
185 179
181 180
183 180
185 180
182 180
184 180
182 181
183 181
185 181
184 181
183 182
185 182
184 182
185 183
184 183
185 184
187 186
188 186
189 186
192 186
193 186
190 186
191 186
202 187
188 187
189 187
190 187
191 187
192 187
193 187
190 188
192 188
193 188
189 188
191 188
192 189
193 189
191 189
190 189
204 189
194 190
192 190
191 190
193 190
192 191
193 191
195 191
193 192
196 192
197 193
195 194
196 194
198 194
200 194
197 194
199 194
201 194
196 195
197 195
200 195
201 195
199 195
198 195
198 196
200 196
197 196
201 196
199 196
198 197
199 197
200 197
201 197
199 198
200 198
201 198
201 199
200 199
206 199
201 200
208 201
203 202
204 202
206 202
208 202
205 202
207 202
209 202
204 203
205 203
206 203
207 203
208 203
209 203
205 204
206 204
207 204
208 204
209 204
208 205
209 205
206 205
207 205
207 206
208 206
209 206
209 207
208 207
209 208
