1995
1 2
3 2
6 2
7 2
8 2
9 2
155 2
156 2
157 2
4 2
13 2
154 2
11 2
12 2
160 2
161 2
18 2
4 3
9 3
13 3
154 3
155 3
156 3
5 3
10 3
14 3
153 3
1 3
157 3
7 3
8 3
6 3
5 4
9 4
13 4
153 4
154 4
155 4
156 4
10 4
14 4
152 4
7 4
8 4
10 5
13 5
14 5
152 5
153 5
154 5
15 5
17 5
151 5
9 5
155 5
1 6
7 6
11 6
12 6
157 6
160 6
161 6
8 6
9 6
18 6
16 6
162 6
19 6
24 6
26 6
156 6
155 6
8 7
9 7
13 7
11 7
12 7
16 7
160 7
161 7
162 7
18 7
19 7
24 7
26 7
17 7
25 7
1 7
156 7
157 7
155 7
1 8
9 8
11 8
12 8
18 8
13 8
16 8
19 8
24 8
26 8
17 8
25 8
155 8
156 8
157 8
1 9
11 9
12 9
18 9
13 9
153 9
154 9
155 9
156 9
157 9
10 9
14 9
13 10
14 10
15 10
17 10
151 10
152 10
153 10
20 10
25 10
35 10
36 10
150 10
18 10
24 10
154 10
12 11
16 11
19 11
23 11
26 11
44 11
161 11
162 11
163 11
1 11
157 11
160 11
18 11
24 11
1 12
157 12
160 12
161 12
16 12
18 12
19 12
24 12
26 12
29 12
34 12
17 12
25 12
35 12
23 12
43 12
44 12
162 12
163 12
14 13
152 13
153 13
154 13
155 13
15 13
17 13
156 13
151 13
15 14
17 14
151 14
152 14
153 14
154 14
20 14
25 14
35 14
36 14
150 14
18 14
24 14
17 15
20 15
25 15
35 15
36 15
150 15
151 15
152 15
18 15
24 15
21 15
22 15
37 15
149 15
34 15
153 15
18 16
19 16
24 16
26 16
29 16
34 16
23 16
44 16
161 16
162 16
163 16
33 16
45 16
164 16
210 16
43 16
160 16
18 17
24 17
25 17
19 17
34 17
35 17
151 17
152 17
153 17
20 17
36 17
150 17
19 18
24 18
25 18
26 18
29 18
34 18
35 18
1 18
23 19
26 19
44 19
161 19
162 19
163 19
24 19
29 19
34 19
25 19
35 19
43 19
21 20
22 20
36 20
37 20
149 20
150 20
151 20
27 20
28 20
54 20
30 20
148 20
35 20
38 20
25 20
152 20
22 21
27 21
28 21
36 21
37 21
54 21
30 21
148 21
149 21
150 21
199 21
200 21
201 21
31 21
202 21
151 21
35 21
38 21
45 21
53 21
27 22
28 22
30 22
148 22
149 22
150 22
37 22
54 22
199 22
200 22
201 22
31 22
202 22
32 22
147 22
151 22
36 22
161 23
162 23
163 23
33 23
164 23
40 23
165 23
41 23
45 23
53 23
208 23
209 23
210 23
26 23
44 23
29 23
34 23
43 23
38 23
54 23
25 24
34 24
35 24
26 24
29 24
36 24
35 25
36 25
150 25
151 25
152 25
34 25
26 25
29 25
29 26
34 26
43 26
44 26
35 26
161 26
162 26
163 26
33 26
45 26
164 26
210 26
38 26
37 27
38 27
45 27
53 27
54 27
199 27
200 27
28 27
36 27
201 27
31 27
202 27
30 27
148 27
149 27
150 27
37 28
54 28
199 28
200 28
201 28
30 28
31 28
202 28
32 28
39 28
203 28
36 28
147 28
148 28
149 28
150 28
34 29
43 29
44 29
35 29
38 29
45 29
32 30
147 30
148 30
149 30
150 30
31 30
200 30
201 30
202 30
39 30
146 30
203 30
32 31
147 31
148 31
149 31
201 31
202 31
39 31
146 31
203 31
200 31
147 32
148 32
149 32
39 32
201 32
202 32
203 32
46 32
204 32
146 32
145 32
40 33
41 33
45 33
53 33
208 33
209 33
210 33
44 33
162 33
163 33
164 33
165 33
47 33
166 33
38 33
43 33
54 33
35 34
36 34
43 34
44 34
36 35
150 35
151 35
152 35
37 35
37 36
149 36
150 36
151 36
54 36
38 36
152 36
54 37
199 37
200 37
201 37
149 37
150 37
151 37
38 37
43 37
45 37
53 37
43 38
45 38
53 38
54 38
44 38
209 38
210 38
199 38
200 38
46 39
145 39
146 39
147 39
202 39
203 39
204 39
205 39
212 39
213 39
148 39
55 39
144 39
214 39
215 39
201 39
45 40
163 40
164 40
165 40
210 40
41 40
47 40
166 40
42 40
48 40
49 40
207 40
208 40
209 40
50 40
167 40
53 40
42 41
47 41
48 41
49 41
207 41
208 41
209 41
210 41
45 41
53 41
206 41
211 41
219 41
220 41
164 41
165 41
166 41
50 41
167 41
51 41
218 41
48 42
49 42
206 42
207 42
208 42
211 42
219 42
220 42
47 42
50 42
51 42
209 42
210 42
218 42
205 42
212 42
221 42
44 43
45 43
53 43
54 43
209 43
210 43
161 44
162 44
163 44
45 44
53 44
54 44
209 44
210 44
164 44
53 45
54 45
209 45
210 45
163 45
164 45
165 45
199 45
200 45
208 45
162 45
55 46
144 46
145 46
146 46
203 46
204 46
213 46
214 46
215 46
59 46
143 46
216 46
147 46
202 46
205 46
212 46
221 46
48 47
50 47
165 47
166 47
167 47
49 47
207 47
208 47
209 47
210 47
51 47
164 47
52 47
168 47
49 48
207 48
208 48
209 48
210 48
50 48
165 48
166 48
167 48
206 48
211 48
219 48
220 48
51 48
218 48
52 48
168 48
56 48
60 48
207 49
208 49
209 49
210 49
206 49
211 49
219 49
220 49
50 49
51 49
218 49
52 49
166 49
167 49
168 49
56 49
60 49
57 49
217 49
212 49
221 49
51 50
52 50
166 50
167 50
168 50
218 50
219 50
220 50
165 50
56 50
60 50
64 50
169 50
170 50
52 51
56 51
60 51
64 51
167 51
168 51
169 51
57 51
61 51
217 51
218 51
65 51
66 51
219 51
220 51
166 51
167 52
168 52
169 52
170 52
166 52
64 52
71 52
171 52
172 52
56 52
60 52
218 52
219 52
57 52
61 52
217 52
65 52
66 52
54 53
209 53
210 53
199 53
200 53
208 53
199 54
200 54
201 54
209 54
210 54
57 55
58 55
59 55
215 55
216 55
217 55
143 55
144 55
145 55
214 55
146 55
203 55
204 55
213 55
62 55
63 55
142 55
212 55
221 55
57 56
60 56
61 56
217 56
218 56
58 56
62 56
216 56
64 56
65 56
66 56
167 56
168 56
169 56
219 56
67 56
68 56
217 57
218 57
219 57
58 57
60 57
61 57
62 57
216 57
59 57
63 57
64 57
65 57
66 57
67 57
68 57
69 57
70 57
215 57
59 58
61 58
62 58
63 58
216 58
217 58
142 58
143 58
144 58
215 58
60 58
218 58
66 58
67 58
68 58
69 58
70 58
77 58
141 58
62 59
63 59
142 59
143 59
144 59
215 59
216 59
61 59
68 59
69 59
70 59
77 59
141 59
217 59
145 59
214 59
218 60
219 60
61 60
64 60
65 60
66 60
62 60
67 60
68 60
71 60
169 60
171 60
72 60
73 60
216 60
217 60
167 60
168 60
217 61
218 61
62 61
67 61
68 61
69 61
73 61
74 61
75 61
66 61
63 61
70 61
216 61
64 61
65 61
71 61
72 61
63 62
68 62
69 62
70 62
216 62
217 62
218 62
66 62
67 62
77 62
141 62
142 62
143 62
73 62
74 62
75 62
76 62
144 62
215 62
76 63
77 63
87 63
140 63
141 63
142 63
158 63
143 63
144 63
68 63
69 63
70 63
75 63
216 63
217 63
215 63
82 63
101 63
65 64
71 64
169 64
171 64
66 64
72 64
78 64
173 64
168 64
170 64
172 64
167 64
174 64
66 65
67 65
71 65
72 65
73 65
78 65
79 65
169 65
171 65
173 65
67 66
71 66
72 66
73 66
68 66
74 66
78 66
169 66
171 66
173 66
79 66
80 66
68 67
72 67
73 67
74 67
69 67
75 67
71 67
78 67
79 67
80 67
81 67
69 68
73 68
74 68
75 68
70 68
76 68
72 68
78 68
79 68
80 68
81 68
82 68
158 68
159 68
73 69
74 69
75 69
79 69
80 69
81 69
70 69
76 69
82 69
158 69
159 69
77 69
141 69
74 70
75 70
76 70
77 70
141 70
142 70
143 70
80 70
81 70
82 70
158 70
159 70
87 70
101 70
140 70
72 71
73 71
78 71
79 71
83 71
171 71
173 71
175 71
168 71
169 71
170 71
172 71
174 71
176 71
73 72
78 72
79 72
169 72
171 72
173 72
74 72
80 72
83 72
175 72
84 72
78 73
79 73
83 73
171 73
173 73
175 73
74 73
80 73
84 73
75 73
81 73
85 73
75 74
79 74
80 74
81 74
76 74
82 74
158 74
159 74
78 74
83 74
84 74
85 74
86 74
76 75
77 75
81 75
82 75
85 75
86 75
87 75
80 75
158 75
159 75
141 75
79 75
83 75
84 75
77 76
81 76
82 76
141 76
158 76
159 76
80 76
87 76
101 76
140 76
142 76
84 76
85 76
86 76
81 77
82 77
141 77
158 77
159 77
87 77
101 77
140 77
142 77
85 77
86 77
90 77
93 77
99 77
100 77
138 77
105 77
139 77
143 77
79 78
83 78
171 78
173 78
175 78
80 78
84 78
88 78
177 78
169 78
170 78
172 78
174 78
176 78
178 78
80 79
83 79
84 79
81 79
85 79
88 79
89 79
171 79
173 79
175 79
177 79
83 80
84 80
81 80
85 80
82 80
86 80
158 80
159 80
88 80
173 80
175 80
177 80
89 80
90 80
82 81
85 81
86 81
87 81
89 81
90 81
141 81
158 81
159 81
84 81
83 81
88 81
141 82
158 82
159 82
85 82
86 82
87 82
101 82
140 82
142 82
84 82
88 82
89 82
90 82
93 82
99 82
100 82
138 82
88 83
91 83
175 83
176 83
177 83
178 83
179 83
180 83
84 83
173 83
85 83
89 83
171 83
172 83
174 83
88 84
173 84
175 84
177 84
85 84
89 84
86 84
90 84
91 84
179 84
92 84
86 85
88 85
89 85
90 85
87 85
91 85
175 85
177 85
179 85
92 85
93 85
87 86
89 86
90 86
93 86
99 86
100 86
101 86
138 86
140 86
141 86
88 86
91 86
92 86
93 87
99 87
100 87
101 87
104 87
105 87
89 87
90 87
132 87
134 87
135 87
138 87
139 87
140 87
141 87
142 87
158 87
91 87
92 87
94 87
95 87
98 87
103 87
91 88
94 88
177 88
178 88
179 88
180 88
181 88
182 88
89 88
173 88
175 88
90 88
92 88
174 88
176 88
90 89
91 89
92 89
93 89
175 89
177 89
179 89
94 89
181 89
95 89
91 90
92 90
93 90
99 90
100 90
101 90
138 90
140 90
141 90
94 90
177 90
179 90
181 90
95 90
132 90
92 91
93 91
94 91
95 91
96 91
133 91
179 91
181 91
175 91
176 91
177 91
178 91
180 91
182 91
136 91
94 92
177 92
179 92
181 92
93 92
95 92
99 92
100 92
132 92
138 92
96 92
133 92
98 92
94 93
95 93
99 93
100 93
132 93
138 93
96 93
133 93
179 93
181 93
98 93
103 93
104 93
101 93
105 93
134 93
135 93
139 93
140 93
141 93
95 94
96 94
97 94
132 94
133 94
134 94
135 94
136 94
181 94
182 94
183 94
184 94
177 94
178 94
179 94
180 94
99 94
100 94
138 94
98 94
96 95
98 95
99 95
132 95
97 95
133 95
181 95
183 95
103 95
100 95
138 95
104 95
179 95
134 95
97 96
98 96
102 96
103 96
133 96
183 96
185 96
99 96
132 96
134 96
138 96
135 96
136 96
181 96
182 96
184 96
179 96
180 96
186 96
102 97
133 97
136 97
183 97
184 97
185 97
186 97
106 97
187 97
98 97
103 97
99 97
109 97
104 97
110 97
132 97
134 97
135 97
181 97
182 97
132 98
133 98
181 98
183 98
99 98
103 98
100 98
104 98
102 98
109 98
110 98
185 98
100 99
101 99
138 99
140 99
141 99
103 99
104 99
105 99
102 99
109 99
110 99
107 99
132 99
101 100
105 100
103 100
104 100
107 100
109 100
110 100
138 100
140 100
141 100
132 100
104 101
105 101
138 101
140 101
141 101
142 101
158 101
107 101
106 102
183 102
184 102
185 102
186 102
187 102
103 102
109 102
104 102
110 102
133 102
108 102
188 102
111 102
113 102
136 102
104 103
109 103
110 103
105 103
107 103
106 103
108 103
111 103
113 103
133 103
183 103
185 103
105 104
107 104
109 104
110 104
106 104
108 104
111 104
113 104
107 105
110 105
109 105
109 106
183 106
185 106
108 106
187 106
188 106
112 106
113 106
189 106
110 106
111 106
184 106
186 106
109 107
110 107
111 107
109 108
112 108
113 108
187 108
188 108
189 108
110 108
111 108
114 108
115 108
190 108
185 108
186 108
112 109
113 109
187 109
188 109
189 109
185 109
110 109
111 109
183 109
115 109
111 110
113 110
113 111
112 111
115 111
113 112
114 112
115 112
188 112
189 112
190 112
187 112
116 112
117 112
191 112
187 113
188 113
189 113
115 113
114 113
190 113
116 113
117 113
115 114
116 114
117 114
189 114
190 114
191 114
118 114
119 114
192 114
188 114
188 115
189 115
190 115
116 115
117 115
118 115
119 115
191 115
192 115
117 116
118 116
119 116
190 116
191 116
192 116
120 116
121 116
193 116
189 116
118 117
119 117
190 117
191 117
192 117
120 117
121 117
193 117
189 117
120 118
191 118
192 118
193 118
119 118
190 118
121 118
122 118
194 118
123 118
120 119
121 119
191 119
192 119
193 119
190 119
122 119
123 119
194 119
121 120
122 120
123 120
124 120
125 120
191 120
192 120
193 120
194 120
195 120
122 121
123 121
192 121
193 121
194 121
191 121
124 121
125 121
195 121
123 122
124 122
125 122
126 122
127 122
192 122
193 122
194 122
195 122
196 122
192 123
193 123
194 123
124 123
125 123
195 123
126 123
127 123
196 123
125 124
126 124
127 124
128 124
129 124
195 124
196 124
197 124
193 124
194 124
126 125
127 125
193 125
194 125
195 125
128 125
129 125
196 125
197 125
127 126
128 126
129 126
130 126
131 126
196 126
197 126
198 126
195 126
194 126
128 127
129 127
195 127
196 127
197 127
130 127
131 127
198 127
194 127
129 128
130 128
131 128
197 128
198 128
195 128
196 128
195 129
196 129
197 129
130 129
131 129
198 129
131 130
197 130
198 130
196 130
197 131
198 131
196 131
133 132
181 132
183 132
138 132
134 132
135 132
136 132
182 132
184 132
139 132
140 132
136 133
183 133
184 133
185 133
186 133
181 133
134 133
135 133
182 133
138 133
137 133
139 133
179 133
180 133
135 134
138 134
136 134
137 134
139 134
140 134
181 134
182 134
183 134
184 134
136 135
181 135
182 135
183 135
184 135
137 135
138 135
139 135
140 135
179 136
180 136
181 136
182 136
183 136
184 136
137 136
185 136
186 136
138 136
139 136
138 137
139 137
140 137
181 137
182 137
183 137
184 137
140 138
141 138
139 138
140 139
141 139
141 140
142 140
158 140
142 141
143 141
158 141
159 141
143 142
158 142
144 142
215 142
216 142
144 143
145 143
214 143
215 143
216 143
215 144
216 144
145 144
146 144
203 144
204 144
213 144
214 144
146 145
147 145
202 145
203 145
204 145
213 145
214 145
215 145
216 145
147 146
148 146
202 146
203 146
204 146
213 146
214 146
215 146
148 147
149 147
202 147
203 147
204 147
149 148
150 148
202 148
203 148
150 149
151 149
151 150
152 150
152 151
153 151
153 152
154 152
154 153
155 153
155 154
156 154
156 155
1 155
157 155
1 156
157 156
160 156
1 157
160 157
161 157
159 158
161 160
162 160
1 160
162 161
1 161
163 161
163 162
164 162
210 162
164 163
165 163
210 163
165 164
210 164
166 164
210 165
166 165
167 165
167 166
168 166
210 166
168 167
169 167
170 167
169 168
170 168
171 168
172 168
170 169
171 169
172 169
173 169
174 169
171 170
172 170
173 170
174 170
172 171
173 171
174 171
175 171
176 171
173 172
174 172
175 172
176 172
174 173
175 173
176 173
177 173
178 173
175 174
176 174
177 174
178 174
176 175
177 175
178 175
179 175
180 175
177 176
178 176
179 176
180 176
178 177
179 177
180 177
181 177
182 177
179 178
180 178
181 178
182 178
180 179
181 179
182 179
181 180
182 180
183 181
182 181
184 181
183 182
184 182
184 183
185 183
186 183
187 183
185 184
186 184
187 184
187 185
188 185
186 185
187 186
188 186
188 187
189 187
189 188
190 188
190 189
191 189
191 190
192 190
192 191
193 191
193 192
194 192
194 193
195 193
195 194
196 194
196 195
197 195
197 196
198 196
198 197
200 199
201 199
209 199
210 199
201 200
202 200
202 201
203 201
203 202
204 202
204 203
213 203
214 203
215 203
205 203
212 203
205 204
212 204
213 204
214 204
215 204
206 204
211 204
220 204
221 204
206 205
207 205
211 205
212 205
213 205
220 205
221 205
214 205
211 206
212 206
213 206
207 206
208 206
219 206
220 206
221 206
214 206
208 207
209 207
210 207
211 207
212 207
220 207
221 207
219 207
209 208
210 208
211 208
219 208
220 208
210 209
212 211
219 211
220 211
221 211
213 211
214 211
213 212
214 212
220 212
221 212
215 212
219 212
214 213
220 213
221 213
215 213
215 214
216 214
221 214
220 214
216 215
221 215
217 215
217 216
218 216
218 217
219 217
219 218
220 218
220 219
221 219
221 220
