1460
1 2
16 2
30 2
254 2
3 2
17 2
31 2
255 2
44 2
58 2
72 2
17 3
31 3
255 3
44 3
58 3
72 3
45 3
59 3
73 3
44 4
45 4
46 4
60 4
74 4
18 4
32 4
256 4
19 5
33 5
257 5
47 5
61 5
75 5
20 6
34 6
258 6
48 6
62 6
76 6
21 7
35 7
259 7
49 7
63 7
77 7
22 8
36 8
254 8
260 8
255 8
50 8
64 8
78 8
16 9
23 9
37 9
261 9
17 9
51 9
65 9
79 9
24 10
30 10
38 10
262 10
31 10
58 10
52 10
59 10
66 10
80 10
72 11
53 11
67 11
73 11
81 11
25 11
39 11
263 11
26 12
40 12
264 12
54 12
68 12
82 12
27 13
41 13
265 13
55 13
69 13
83 13
28 14
42 14
266 14
56 14
70 14
84 14
29 15
43 15
267 15
57 15
71 15
85 15
1 16
30 16
254 16
23 16
37 16
261 16
282 16
296 16
380 16
31 17
255 17
283 17
297 17
381 17
32 18
256 18
284 18
298 18
382 18
33 19
257 19
285 19
299 19
383 19
34 20
258 20
286 20
300 20
384 20
35 21
259 21
287 21
301 21
385 21
36 22
254 22
260 22
261 22
282 22
288 22
289 22
302 22
386 22
37 23
261 23
282 23
296 23
380 23
289 23
303 23
387 23
30 24
38 24
262 24
37 24
296 24
290 24
303 24
304 24
388 24
39 25
263 25
291 25
305 25
389 25
40 26
264 26
292 26
306 26
390 26
41 27
265 27
293 27
307 27
391 27
42 28
266 28
294 28
308 28
392 28
380 29
295 29
309 29
387 29
393 29
43 29
267 29
1 30
254 30
38 30
262 30
58 30
296 30
310 30
255 31
58 31
59 31
66 31
297 31
311 31
256 32
60 32
298 32
312 32
257 33
61 33
299 33
313 33
258 34
62 34
300 34
314 34
259 35
63 35
301 35
315 35
254 36
260 36
262 36
64 36
302 36
316 36
261 37
296 37
65 37
303 37
304 37
317 37
262 38
58 38
296 38
310 38
66 38
304 38
318 38
310 39
67 39
305 39
318 39
319 39
263 39
264 40
68 40
306 40
320 40
265 41
69 41
307 41
321 41
266 42
70 42
308 42
322 42
267 43
71 43
309 43
323 43
58 44
72 44
86 44
100 44
114 44
59 45
73 45
46 45
60 45
74 45
87 45
101 45
115 45
60 46
74 46
87 46
101 46
115 46
88 46
102 46
116 46
87 47
88 47
89 47
103 47
117 47
61 47
75 47
62 48
76 48
90 48
104 48
118 48
63 49
77 49
91 49
105 49
119 49
64 50
78 50
92 50
106 50
120 50
65 51
79 51
93 51
107 51
121 51
59 52
66 52
80 52
60 52
94 52
108 52
122 52
67 53
73 53
81 53
74 53
101 53
95 53
102 53
109 53
123 53
115 54
96 54
110 54
116 54
124 54
68 54
82 54
69 55
83 55
97 55
111 55
125 55
70 56
84 56
98 56
112 56
126 56
71 57
85 57
99 57
113 57
127 57
72 58
296 58
310 58
73 59
66 59
297 59
311 59
80 59
74 60
298 60
312 60
75 61
299 61
313 61
76 62
300 62
314 62
77 63
301 63
315 63
78 64
302 64
316 64
297 65
79 65
303 65
304 65
317 65
297 66
311 66
80 66
304 66
318 66
73 67
81 67
80 67
311 67
305 67
318 67
319 67
82 68
306 68
320 68
83 69
307 69
321 69
84 70
308 70
322 70
85 71
309 71
323 71
100 72
310 72
324 72
81 73
101 73
311 73
325 73
101 74
102 74
109 74
312 74
326 74
103 75
313 75
327 75
104 76
314 76
328 76
105 77
315 77
329 77
106 78
316 78
330 78
107 79
317 79
331 79
311 80
108 80
318 80
319 80
332 80
101 81
311 81
325 81
109 81
319 81
333 81
325 82
110 82
320 82
333 82
334 82
111 83
321 83
335 83
112 84
322 84
336 84
113 85
323 85
337 85
100 86
114 86
128 86
142 86
156 86
101 87
115 87
129 87
143 87
157 87
102 88
116 88
89 88
103 88
117 88
130 88
144 88
158 88
103 89
117 89
130 89
144 89
158 89
131 89
145 89
159 89
130 90
131 90
132 90
146 90
160 90
104 90
118 90
105 91
119 91
133 91
147 91
161 91
106 92
120 92
134 92
148 92
162 92
107 93
121 93
135 93
149 93
163 93
108 94
122 94
136 94
150 94
164 94
102 95
109 95
123 95
103 95
137 95
151 95
165 95
110 96
116 96
124 96
117 96
144 96
138 96
145 96
152 96
166 96
158 97
139 97
153 97
159 97
167 97
111 97
125 97
112 98
126 98
140 98
154 98
168 98
113 99
127 99
141 99
155 99
169 99
114 100
310 100
324 100
115 101
311 101
325 101
116 102
109 102
312 102
326 102
123 102
117 103
313 103
327 103
118 104
314 104
328 104
119 105
315 105
329 105
120 106
316 106
330 106
121 107
317 107
331 107
312 108
122 108
318 108
319 108
332 108
312 109
326 109
123 109
319 109
333 109
116 110
124 110
123 110
326 110
320 110
333 110
334 110
125 111
321 111
335 111
126 112
322 112
336 112
127 113
323 113
337 113
142 114
324 114
338 114
143 115
325 115
339 115
124 116
144 116
326 116
340 116
144 117
145 117
152 117
327 117
341 117
146 118
328 118
342 118
147 119
329 119
343 119
148 120
330 120
344 120
149 121
331 121
345 121
150 122
332 122
346 122
326 123
151 123
333 123
334 123
347 123
144 124
326 124
340 124
152 124
334 124
348 124
340 125
153 125
335 125
348 125
349 125
154 126
336 126
350 126
155 127
337 127
351 127
142 128
156 128
170 128
184 128
198 128
143 129
157 129
171 129
185 129
199 129
144 130
158 130
172 130
186 130
200 130
145 131
159 131
132 131
146 131
160 131
173 131
187 131
201 131
146 132
160 132
173 132
187 132
201 132
174 132
188 132
202 132
173 133
174 133
175 133
189 133
203 133
147 133
161 133
148 134
162 134
176 134
190 134
204 134
149 135
163 135
177 135
191 135
205 135
150 136
164 136
178 136
192 136
206 136
151 137
165 137
179 137
193 137
207 137
145 138
152 138
166 138
146 138
180 138
194 138
208 138
153 139
159 139
167 139
160 139
187 139
181 139
188 139
195 139
209 139
201 140
182 140
196 140
202 140
210 140
154 140
168 140
155 141
169 141
183 141
197 141
211 141
156 142
324 142
338 142
157 143
325 143
339 143
158 144
326 144
340 144
159 145
152 145
327 145
341 145
166 145
160 146
328 146
342 146
161 147
329 147
343 147
162 148
330 148
344 148
163 149
331 149
345 149
164 150
332 150
346 150
327 151
165 151
333 151
334 151
347 151
327 152
341 152
166 152
334 152
348 152
159 153
167 153
166 153
341 153
335 153
348 153
349 153
168 154
336 154
350 154
169 155
337 155
351 155
184 156
338 156
352 156
185 157
339 157
353 157
186 158
340 158
354 158
167 159
187 159
341 159
355 159
187 160
188 160
195 160
342 160
356 160
189 161
343 161
357 161
190 162
344 162
358 162
191 163
345 163
359 163
192 164
346 164
360 164
193 165
347 165
361 165
341 166
194 166
348 166
349 166
362 166
187 167
341 167
355 167
195 167
349 167
363 167
355 168
196 168
350 168
363 168
364 168
197 169
351 169
365 169
184 170
198 170
212 170
226 170
240 170
185 171
199 171
213 171
227 171
241 171
186 172
200 172
214 172
228 172
242 172
187 173
201 173
215 173
229 173
243 173
188 174
202 174
175 174
189 174
203 174
216 174
230 174
244 174
189 175
203 175
216 175
230 175
244 175
217 175
231 175
245 175
216 176
217 176
218 176
232 176
246 176
190 176
204 176
191 177
205 177
219 177
233 177
247 177
192 178
206 178
220 178
234 178
248 178
193 179
207 179
221 179
235 179
249 179
194 180
208 180
222 180
236 180
250 180
188 181
195 181
209 181
189 181
223 181
237 181
251 181
196 182
202 182
210 182
203 182
230 182
224 182
231 182
238 182
252 182
244 183
225 183
239 183
245 183
253 183
197 183
211 183
198 184
338 184
352 184
199 185
339 185
353 185
200 186
340 186
354 186
201 187
341 187
355 187
202 188
195 188
342 188
356 188
209 188
203 189
343 189
357 189
204 190
344 190
358 190
205 191
345 191
359 191
206 192
346 192
360 192
207 193
347 193
361 193
342 194
208 194
348 194
349 194
362 194
342 195
356 195
209 195
349 195
363 195
202 196
210 196
209 196
356 196
350 196
363 196
364 196
211 197
351 197
365 197
226 198
352 198
366 198
227 199
353 199
367 199
228 200
354 200
368 200
229 201
355 201
369 201
210 202
230 202
356 202
370 202
230 203
231 203
238 203
357 203
371 203
232 204
358 204
372 204
233 205
359 205
373 205
234 206
360 206
374 206
235 207
361 207
375 207
236 208
362 208
376 208
356 209
237 209
363 209
364 209
377 209
230 210
356 210
370 210
238 210
364 210
378 210
370 211
239 211
365 211
378 211
379 211
226 212
240 212
259 212
254 212
260 212
268 212
282 212
227 213
241 213
255 213
269 213
283 213
228 214
242 214
256 214
270 214
284 214
229 215
243 215
257 215
271 215
285 215
230 216
244 216
258 216
272 216
286 216
231 217
245 217
218 217
232 217
246 217
259 217
273 217
287 217
232 218
246 218
259 218
273 218
287 218
260 218
274 218
288 218
287 219
261 219
275 219
288 219
289 219
233 219
247 219
234 220
248 220
262 220
276 220
290 220
235 221
249 221
263 221
277 221
291 221
236 222
250 222
264 222
278 222
292 222
237 223
251 223
265 223
279 223
293 223
231 224
238 224
252 224
232 224
266 224
280 224
294 224
239 225
245 225
253 225
246 225
273 225
267 225
274 225
281 225
295 225
240 226
352 226
366 226
241 227
353 227
367 227
242 228
354 228
368 228
243 229
355 229
369 229
244 230
356 230
370 230
245 231
238 231
357 231
371 231
252 231
246 232
358 232
372 232
247 233
359 233
373 233
248 234
360 234
374 234
249 235
361 235
375 235
250 236
362 236
376 236
357 237
251 237
363 237
364 237
377 237
357 238
371 238
252 238
364 238
378 238
245 239
253 239
252 239
371 239
365 239
378 239
379 239
268 240
366 240
380 240
269 241
367 241
381 241
270 242
368 242
382 242
271 243
369 243
383 243
272 244
370 244
384 244
253 245
273 245
371 245
385 245
273 246
274 246
281 246
372 246
386 246
385 247
275 247
373 247
387 247
393 247
276 248
374 248
388 248
277 249
375 249
389 249
278 250
376 250
390 250
279 251
377 251
391 251
371 252
280 252
378 252
379 252
392 252
273 253
371 253
385 253
281 253
379 253
393 253
1 254
260 254
268 254
282 254
269 255
283 255
270 256
284 256
271 257
285 257
272 258
286 258
273 259
287 259
268 260
282 260
274 260
288 260
282 261
275 261
288 261
289 261
276 262
290 262
277 263
291 263
278 264
292 264
279 265
293 265
280 266
294 266
268 267
274 267
281 267
295 267
282 268
366 268
380 268
283 269
367 269
381 269
284 270
368 270
382 270
285 271
369 271
383 271
286 272
370 272
384 272
287 273
371 273
385 273
288 274
281 274
372 274
386 274
295 274
288 275
289 275
295 275
386 275
373 275
387 275
393 275
290 276
374 276
388 276
291 277
375 277
389 277
292 278
376 278
390 278
293 279
377 279
391 279
372 280
294 280
378 280
379 280
392 280
372 281
386 281
295 281
379 281
393 281
296 282
380 282
297 283
381 283
298 284
382 284
299 285
383 285
300 286
384 286
301 287
385 287
289 288
302 288
386 288
302 289
386 289
303 289
387 289
302 290
303 290
304 290
388 290
305 291
389 291
306 292
390 292
307 293
391 293
308 294
392 294
386 295
309 295
387 295
393 295
380 296
310 296
381 297
311 297
382 298
312 298
383 299
313 299
384 300
314 300
385 301
315 301
386 302
316 302
387 303
304 303
317 303
388 303
317 304
388 304
318 304
317 305
318 305
319 305
389 305
390 306
320 306
391 307
321 307
392 308
322 308
387 309
393 309
388 309
323 309
324 310
325 311
326 312
327 313
328 314
329 315
330 316
331 317
319 318
332 318
332 319
333 319
332 320
333 320
334 320
335 321
336 322
337 323
338 324
339 325
340 326
341 327
342 328
343 329
344 330
345 331
346 332
334 333
347 333
347 334
348 334
347 335
348 335
349 335
350 336
351 337
352 338
353 339
354 340
355 341
356 342
357 343
358 344
359 345
360 346
361 347
349 348
362 348
362 349
363 349
362 350
363 350
364 350
365 351
366 352
367 353
368 354
369 355
370 356
371 357
372 358
373 359
374 360
375 361
376 362
364 363
377 363
377 364
378 364
377 365
378 365
379 365
380 366
381 367
382 368
383 369
384 370
385 371
386 372
387 373
393 373
392 373
388 374
389 375
390 376
391 377
379 378
392 378
392 379
393 379
393 387
