1860
1 2
18 2
34 2
338 2
3 2
19 2
35 2
339 2
50 2
66 2
82 2
19 3
35 3
339 3
50 3
66 3
82 3
51 3
67 3
83 3
50 4
51 4
52 4
68 4
84 4
20 4
36 4
340 4
21 5
37 5
341 5
53 5
69 5
85 5
22 6
38 6
342 6
54 6
70 6
86 6
23 7
39 7
343 7
55 7
71 7
87 7
24 8
40 8
344 8
56 8
72 8
88 8
25 9
41 9
338 9
345 9
339 9
57 9
73 9
89 9
18 10
26 10
42 10
346 10
19 10
58 10
74 10
90 10
27 11
34 11
43 11
347 11
35 11
66 11
59 11
67 11
75 11
91 11
82 12
60 12
76 12
83 12
92 12
28 12
44 12
348 12
29 13
45 13
349 13
61 13
77 13
93 13
30 14
46 14
350 14
62 14
78 14
94 14
31 15
47 15
351 15
63 15
79 15
95 15
32 16
48 16
352 16
64 16
80 16
96 16
33 17
49 17
353 17
65 17
81 17
97 17
1 18
34 18
338 18
26 18
42 18
346 18
370 18
386 18
498 18
35 19
339 19
371 19
387 19
499 19
36 20
340 20
372 20
388 20
500 20
37 21
341 21
373 21
389 21
501 21
38 22
342 22
374 22
390 22
502 22
39 23
343 23
375 23
391 23
503 23
40 24
344 24
376 24
392 24
504 24
41 25
338 25
345 25
346 25
370 25
377 25
378 25
393 25
505 25
42 26
346 26
370 26
386 26
498 26
378 26
394 26
506 26
34 27
43 27
347 27
42 27
386 27
379 27
394 27
395 27
507 27
44 28
348 28
380 28
396 28
508 28
45 29
349 29
381 29
397 29
509 29
46 30
350 30
382 30
398 30
510 30
47 31
351 31
383 31
399 31
511 31
48 32
352 32
384 32
400 32
512 32
498 33
385 33
401 33
506 33
513 33
49 33
353 33
1 34
338 34
43 34
347 34
66 34
386 34
402 34
339 35
66 35
67 35
75 35
387 35
403 35
340 36
68 36
388 36
404 36
341 37
69 37
389 37
405 37
342 38
70 38
390 38
406 38
343 39
71 39
391 39
407 39
344 40
72 40
392 40
408 40
338 41
345 41
347 41
73 41
393 41
409 41
346 42
386 42
74 42
394 42
395 42
410 42
347 43
66 43
386 43
402 43
75 43
395 43
411 43
402 44
76 44
396 44
411 44
412 44
348 44
349 45
77 45
397 45
413 45
350 46
78 46
398 46
414 46
351 47
79 47
399 47
415 47
352 48
80 48
400 48
416 48
353 49
81 49
401 49
417 49
66 50
82 50
98 50
114 50
130 50
67 51
83 51
52 51
68 51
84 51
99 51
115 51
131 51
68 52
84 52
99 52
115 52
131 52
100 52
116 52
132 52
99 53
100 53
101 53
117 53
133 53
69 53
85 53
70 54
86 54
102 54
118 54
134 54
71 55
87 55
103 55
119 55
135 55
72 56
88 56
104 56
120 56
136 56
73 57
89 57
105 57
121 57
137 57
74 58
90 58
106 58
122 58
138 58
67 59
75 59
91 59
68 59
107 59
123 59
139 59
76 60
83 60
92 60
84 60
115 60
108 60
116 60
124 60
140 60
131 61
109 61
125 61
132 61
141 61
77 61
93 61
78 62
94 62
110 62
126 62
142 62
79 63
95 63
111 63
127 63
143 63
80 64
96 64
112 64
128 64
144 64
81 65
97 65
113 65
129 65
145 65
82 66
386 66
402 66
83 67
75 67
387 67
403 67
91 67
84 68
388 68
404 68
85 69
389 69
405 69
86 70
390 70
406 70
87 71
391 71
407 71
88 72
392 72
408 72
89 73
393 73
409 73
387 74
90 74
394 74
395 74
410 74
387 75
403 75
91 75
395 75
411 75
83 76
92 76
91 76
403 76
396 76
411 76
412 76
93 77
397 77
413 77
94 78
398 78
414 78
95 79
399 79
415 79
96 80
400 80
416 80
97 81
401 81
417 81
114 82
402 82
418 82
92 83
115 83
403 83
419 83
115 84
116 84
124 84
404 84
420 84
117 85
405 85
421 85
118 86
406 86
422 86
119 87
407 87
423 87
120 88
408 88
424 88
121 89
409 89
425 89
122 90
410 90
426 90
403 91
123 91
411 91
412 91
427 91
115 92
403 92
419 92
124 92
412 92
428 92
419 93
125 93
413 93
428 93
429 93
126 94
414 94
430 94
127 95
415 95
431 95
128 96
416 96
432 96
129 97
417 97
433 97
114 98
130 98
146 98
162 98
178 98
115 99
131 99
147 99
163 99
179 99
116 100
132 100
101 100
117 100
133 100
148 100
164 100
180 100
117 101
133 101
148 101
164 101
180 101
149 101
165 101
181 101
148 102
149 102
150 102
166 102
182 102
118 102
134 102
119 103
135 103
151 103
167 103
183 103
120 104
136 104
152 104
168 104
184 104
121 105
137 105
153 105
169 105
185 105
122 106
138 106
154 106
170 106
186 106
123 107
139 107
155 107
171 107
187 107
116 108
124 108
140 108
117 108
156 108
172 108
188 108
125 109
132 109
141 109
133 109
164 109
157 109
165 109
173 109
189 109
180 110
158 110
174 110
181 110
190 110
126 110
142 110
127 111
143 111
159 111
175 111
191 111
128 112
144 112
160 112
176 112
192 112
129 113
145 113
161 113
177 113
193 113
130 114
402 114
418 114
131 115
403 115
419 115
132 116
124 116
404 116
420 116
140 116
133 117
405 117
421 117
134 118
406 118
422 118
135 119
407 119
423 119
136 120
408 120
424 120
137 121
409 121
425 121
138 122
410 122
426 122
404 123
139 123
411 123
412 123
427 123
404 124
420 124
140 124
412 124
428 124
132 125
141 125
140 125
420 125
413 125
428 125
429 125
142 126
414 126
430 126
143 127
415 127
431 127
144 128
416 128
432 128
145 129
417 129
433 129
162 130
418 130
434 130
163 131
419 131
435 131
141 132
164 132
420 132
436 132
164 133
165 133
173 133
421 133
437 133
166 134
422 134
438 134
167 135
423 135
439 135
168 136
424 136
440 136
169 137
425 137
441 137
170 138
426 138
442 138
171 139
427 139
443 139
420 140
172 140
428 140
429 140
444 140
164 141
420 141
436 141
173 141
429 141
445 141
436 142
174 142
430 142
445 142
446 142
175 143
431 143
447 143
176 144
432 144
448 144
177 145
433 145
449 145
162 146
178 146
194 146
210 146
226 146
163 147
179 147
195 147
211 147
227 147
164 148
180 148
196 148
212 148
228 148
165 149
181 149
150 149
166 149
182 149
197 149
213 149
229 149
166 150
182 150
197 150
213 150
229 150
198 150
214 150
230 150
197 151
198 151
199 151
215 151
231 151
167 151
183 151
168 152
184 152
200 152
216 152
232 152
169 153
185 153
201 153
217 153
233 153
170 154
186 154
202 154
218 154
234 154
171 155
187 155
203 155
219 155
235 155
172 156
188 156
204 156
220 156
236 156
165 157
173 157
189 157
166 157
205 157
221 157
237 157
174 158
181 158
190 158
182 158
213 158
206 158
214 158
222 158
238 158
229 159
207 159
223 159
230 159
239 159
175 159
191 159
176 160
192 160
208 160
224 160
240 160
177 161
193 161
209 161
225 161
241 161
178 162
418 162
434 162
179 163
419 163
435 163
180 164
420 164
436 164
181 165
173 165
421 165
437 165
189 165
182 166
422 166
438 166
183 167
423 167
439 167
184 168
424 168
440 168
185 169
425 169
441 169
186 170
426 170
442 170
187 171
427 171
443 171
421 172
188 172
428 172
429 172
444 172
421 173
437 173
189 173
429 173
445 173
181 174
190 174
189 174
437 174
430 174
445 174
446 174
191 175
431 175
447 175
192 176
432 176
448 176
193 177
433 177
449 177
210 178
434 178
450 178
211 179
435 179
451 179
212 180
436 180
452 180
190 181
213 181
437 181
453 181
213 182
214 182
222 182
438 182
454 182
215 183
439 183
455 183
216 184
440 184
456 184
217 185
441 185
457 185
218 186
442 186
458 186
219 187
443 187
459 187
220 188
444 188
460 188
437 189
221 189
445 189
446 189
461 189
213 190
437 190
453 190
222 190
446 190
462 190
453 191
223 191
447 191
462 191
463 191
224 192
448 192
464 192
225 193
449 193
465 193
210 194
226 194
242 194
258 194
274 194
211 195
227 195
243 195
259 195
275 195
212 196
228 196
244 196
260 196
276 196
213 197
229 197
245 197
261 197
277 197
214 198
230 198
199 198
215 198
231 198
246 198
262 198
278 198
215 199
231 199
246 199
262 199
278 199
247 199
263 199
279 199
246 200
247 200
248 200
264 200
280 200
216 200
232 200
217 201
233 201
249 201
265 201
281 201
218 202
234 202
250 202
266 202
282 202
219 203
235 203
251 203
267 203
283 203
220 204
236 204
252 204
268 204
284 204
221 205
237 205
253 205
269 205
285 205
214 206
222 206
238 206
215 206
254 206
270 206
286 206
223 207
230 207
239 207
231 207
262 207
255 207
263 207
271 207
287 207
278 208
256 208
272 208
279 208
288 208
224 208
240 208
225 209
241 209
257 209
273 209
289 209
226 210
434 210
450 210
227 211
435 211
451 211
228 212
436 212
452 212
229 213
437 213
453 213
230 214
222 214
438 214
454 214
238 214
231 215
439 215
455 215
232 216
440 216
456 216
233 217
441 217
457 217
234 218
442 218
458 218
235 219
443 219
459 219
236 220
444 220
460 220
438 221
237 221
445 221
446 221
461 221
438 222
454 222
238 222
446 222
462 222
230 223
239 223
238 223
454 223
447 223
462 223
463 223
240 224
448 224
464 224
241 225
449 225
465 225
258 226
450 226
466 226
259 227
451 227
467 227
260 228
452 228
468 228
261 229
453 229
469 229
239 230
262 230
454 230
470 230
262 231
263 231
271 231
455 231
471 231
264 232
456 232
472 232
265 233
457 233
473 233
266 234
458 234
474 234
267 235
459 235
475 235
268 236
460 236
476 236
269 237
461 237
477 237
454 238
270 238
462 238
463 238
478 238
262 239
454 239
470 239
271 239
463 239
479 239
470 240
272 240
464 240
479 240
480 240
273 241
465 241
481 241
258 242
274 242
290 242
306 242
322 242
259 243
275 243
291 243
307 243
323 243
260 244
276 244
292 244
308 244
324 244
261 245
277 245
293 245
309 245
325 245
262 246
278 246
294 246
310 246
326 246
263 247
279 247
248 247
264 247
280 247
295 247
311 247
327 247
264 248
280 248
295 248
311 248
327 248
296 248
312 248
328 248
295 249
296 249
297 249
313 249
329 249
265 249
281 249
266 250
282 250
298 250
314 250
330 250
267 251
283 251
299 251
315 251
331 251
268 252
284 252
300 252
316 252
332 252
269 253
285 253
301 253
317 253
333 253
270 254
286 254
302 254
318 254
334 254
263 255
271 255
287 255
264 255
303 255
319 255
335 255
272 256
279 256
288 256
280 256
311 256
304 256
312 256
320 256
336 256
327 257
305 257
321 257
328 257
337 257
273 257
289 257
274 258
450 258
466 258
275 259
451 259
467 259
276 260
452 260
468 260
277 261
453 261
469 261
278 262
454 262
470 262
279 263
271 263
455 263
471 263
287 263
280 264
456 264
472 264
281 265
457 265
473 265
282 266
458 266
474 266
283 267
459 267
475 267
284 268
460 268
476 268
285 269
461 269
477 269
455 270
286 270
462 270
463 270
478 270
455 271
471 271
287 271
463 271
479 271
279 272
288 272
287 272
471 272
464 272
479 272
480 272
289 273
465 273
481 273
306 274
466 274
482 274
307 275
467 275
483 275
308 276
468 276
484 276
309 277
469 277
485 277
310 278
470 278
486 278
288 279
311 279
471 279
487 279
311 280
312 280
320 280
472 280
488 280
313 281
473 281
489 281
314 282
474 282
490 282
315 283
475 283
491 283
316 284
476 284
492 284
317 285
477 285
493 285
318 286
478 286
494 286
471 287
319 287
479 287
480 287
495 287
311 288
471 288
487 288
320 288
480 288
496 288
487 289
321 289
481 289
496 289
497 289
306 290
322 290
344 290
338 290
345 290
354 290
370 290
307 291
323 291
339 291
355 291
371 291
308 292
324 292
340 292
356 292
372 292
309 293
325 293
341 293
357 293
373 293
310 294
326 294
342 294
358 294
374 294
311 295
327 295
343 295
359 295
375 295
312 296
328 296
297 296
313 296
329 296
344 296
360 296
376 296
313 297
329 297
344 297
360 297
376 297
345 297
361 297
377 297
376 298
346 298
362 298
377 298
378 298
314 298
330 298
315 299
331 299
347 299
363 299
379 299
316 300
332 300
348 300
364 300
380 300
317 301
333 301
349 301
365 301
381 301
318 302
334 302
350 302
366 302
382 302
319 303
335 303
351 303
367 303
383 303
312 304
320 304
336 304
313 304
352 304
368 304
384 304
321 305
328 305
337 305
329 305
360 305
353 305
361 305
369 305
385 305
322 306
466 306
482 306
323 307
467 307
483 307
324 308
468 308
484 308
325 309
469 309
485 309
326 310
470 310
486 310
327 311
471 311
487 311
328 312
320 312
472 312
488 312
336 312
329 313
473 313
489 313
330 314
474 314
490 314
331 315
475 315
491 315
332 316
476 316
492 316
333 317
477 317
493 317
334 318
478 318
494 318
472 319
335 319
479 319
480 319
495 319
472 320
488 320
336 320
480 320
496 320
328 321
337 321
336 321
488 321
481 321
496 321
497 321
354 322
482 322
498 322
355 323
483 323
499 323
356 324
484 324
500 324
357 325
485 325
501 325
358 326
486 326
502 326
359 327
487 327
503 327
337 328
360 328
488 328
504 328
360 329
361 329
369 329
489 329
505 329
504 330
362 330
490 330
506 330
513 330
363 331
491 331
507 331
364 332
492 332
508 332
365 333
493 333
509 333
366 334
494 334
510 334
367 335
495 335
511 335
488 336
368 336
496 336
497 336
512 336
360 337
488 337
504 337
369 337
497 337
513 337
1 338
345 338
354 338
370 338
355 339
371 339
356 340
372 340
357 341
373 341
358 342
374 342
359 343
375 343
360 344
376 344
354 345
370 345
361 345
377 345
370 346
362 346
377 346
378 346
363 347
379 347
364 348
380 348
365 349
381 349
366 350
382 350
367 351
383 351
368 352
384 352
354 353
361 353
369 353
385 353
370 354
482 354
498 354
371 355
483 355
499 355
372 356
484 356
500 356
373 357
485 357
501 357
374 358
486 358
502 358
375 359
487 359
503 359
376 360
488 360
504 360
377 361
369 361
489 361
505 361
385 361
377 362
378 362
385 362
505 362
490 362
506 362
513 362
379 363
491 363
507 363
380 364
492 364
508 364
381 365
493 365
509 365
382 366
494 366
510 366
383 367
495 367
511 367
489 368
384 368
496 368
497 368
512 368
489 369
505 369
385 369
497 369
513 369
386 370
498 370
387 371
499 371
388 372
500 372
389 373
501 373
390 374
502 374
391 375
503 375
392 376
504 376
378 377
393 377
505 377
393 378
505 378
394 378
506 378
393 379
394 379
395 379
507 379
396 380
508 380
397 381
509 381
398 382
510 382
399 383
511 383
400 384
512 384
505 385
401 385
506 385
513 385
498 386
402 386
499 387
403 387
500 388
404 388
501 389
405 389
502 390
406 390
503 391
407 391
504 392
408 392
505 393
409 393
506 394
395 394
410 394
507 394
410 395
507 395
411 395
410 396
411 396
412 396
508 396
509 397
413 397
510 398
414 398
511 399
415 399
512 400
416 400
506 401
513 401
507 401
417 401
418 402
419 403
420 404
421 405
422 406
423 407
424 408
425 409
426 410
412 411
427 411
427 412
428 412
427 413
428 413
429 413
430 414
431 415
432 416
433 417
434 418
435 419
436 420
437 421
438 422
439 423
440 424
441 425
442 426
443 427
429 428
444 428
444 429
445 429
444 430
445 430
446 430
447 431
448 432
449 433
450 434
451 435
452 436
453 437
454 438
455 439
456 440
457 441
458 442
459 443
460 444
446 445
461 445
461 446
462 446
461 447
462 447
463 447
464 448
465 449
466 450
467 451
468 452
469 453
470 454
471 455
472 456
473 457
474 458
475 459
476 460
477 461
463 462
478 462
478 463
479 463
478 464
479 464
480 464
481 465
482 466
483 467
484 468
485 469
486 470
487 471
488 472
489 473
490 474
491 475
492 476
493 477
494 478
480 479
495 479
495 480
496 480
495 481
496 481
497 481
498 482
499 483
500 484
501 485
502 486
503 487
504 488
505 489
506 490
513 490
512 490
507 491
508 492
509 493
510 494
511 495
497 496
512 496
512 497
513 497
513 506
