1023
1 2
43 2
56 2
90 2
94 2
42 2
61 2
67 2
70 2
52 2
72 2
74 2
112 2
115 2
188 2
189 2
190 2
191 2
209 2
102 2
118 2
119 2
122 2
1 3
34 5
59 5
76 5
82 5
6 5
7 5
54 5
55 5
92 5
20 5
116 5
196 5
223 5
132 5
106 5
113 5
131 5
119 5
193 5
7 6
34 6
54 6
20 7
21 7
34 7
54 7
36 7
39 7
55 7
106 7
113 7
116 7
131 7
76 7
115 7
138 7
160 7
189 7
191 7
196 7
223 7
258 7
34 14
98 14
128 14
84 14
73 15
76 15
116 15
43 15
114 15
169 15
227 15
268 15
291 15
297 15
18 17
19 17
74 17
1 17
52 17
40 17
66 17
69 17
82 17
19 18
74 18
1 18
52 18
74 19
1 19
52 19
40 19
66 19
69 19
82 19
43 20
29 20
32 20
21 20
89 20
62 20
63 20
91 20
100 20
92 20
76 20
122 20
194 20
43 21
29 21
89 21
62 21
63 21
91 21
100 21
23 21
45 21
76 21
92 21
122 21
194 21
112 21
113 21
164 21
197 21
218 21
89 22
111 22
198 22
29 23
45 23
119 23
32 23
91 23
144 23
165 23
205 23
216 23
224 23
150 28
256 28
257 28
89 29
62 29
63 29
91 29
100 29
45 29
119 29
43 29
76 29
92 29
122 29
194 29
112 29
113 29
164 29
197 29
218 29
206 29
224 29
91 30
98 30
42 32
43 32
46 32
112 32
113 32
134 32
91 32
144 32
165 32
205 32
216 32
224 32
61 32
297 32
1 33
43 33
1 34
80 34
54 34
55 34
92 34
35 34
120 34
203 34
132 34
106 34
113 34
116 34
131 34
76 34
141 34
146 34
158 34
228 34
119 34
193 34
120 35
203 35
39 36
109 36
39 38
52 38
69 38
72 38
74 38
1 38
40 38
108 38
119 38
209 38
88 38
126 38
184 38
264 38
40 39
52 39
69 39
72 39
74 39
1 39
108 39
119 39
209 39
88 39
126 39
1 40
52 40
69 40
108 40
119 40
209 40
66 40
74 40
82 40
42 41
43 41
44 41
45 41
59 41
73 41
85 41
86 41
91 41
76 41
99 41
101 41
121 41
207 41
224 41
83 41
134 41
168 41
236 41
237 41
263 41
267 41
43 42
46 42
45 42
61 42
67 42
1 42
70 42
90 42
1 43
56 43
90 43
94 43
46 43
44 43
45 43
59 43
73 43
85 43
86 43
91 43
76 43
99 43
101 43
121 43
207 43
224 43
83 43
62 43
89 43
92 43
122 43
194 43
114 43
107 43
178 43
61 43
112 43
113 43
144 43
297 43
164 43
268 43
45 44
59 44
73 44
85 44
86 44
91 44
61 45
67 45
59 45
73 45
85 45
86 45
91 45
98 45
111 45
112 45
113 45
114 45
134 45
94 45
206 45
74 52
87 52
1 52
82 52
69 52
72 52
61 52
67 52
70 52
90 52
102 52
108 52
115 52
118 52
188 52
189 52
209 52
119 52
112 52
190 52
191 52
66 52
131 55
92 55
1 55
108 55
112 55
115 55
188 55
132 55
106 55
113 55
116 55
76 55
120 55
141 55
146 55
158 55
228 55
1 56
90 56
94 56
61 57
190 57
192 57
114 57
62 59
88 59
73 59
85 59
86 59
91 59
67 59
76 59
99 59
101 59
121 59
207 59
224 59
84 59
146 59
65 60
81 60
87 60
124 60
67 61
1 61
70 61
90 61
74 61
102 61
108 61
115 61
118 61
188 61
189 61
209 61
190 61
192 61
92 61
119 61
131 61
132 61
122 61
112 61
113 61
144 61
297 61
88 62
63 62
89 62
91 62
100 62
76 62
92 62
122 62
194 62
89 63
91 63
100 63
81 65
87 65
1 66
69 66
74 66
82 66
1 67
70 67
90 67
74 67
102 67
108 67
115 67
118 67
188 67
189 67
209 67
92 67
119 67
131 67
132 67
122 67
72 69
74 69
1 69
108 69
119 69
209 69
88 69
126 69
82 69
1 70
90 70
74 70
102 70
108 70
115 70
118 70
188 70
189 70
209 70
119 70
122 70
74 72
112 72
115 72
188 72
189 72
190 72
191 72
209 72
85 73
86 73
91 73
114 73
161 73
227 73
76 73
169 73
268 73
291 73
297 73
87 74
90 74
102 74
108 74
115 74
118 74
188 74
189 74
209 74
112 74
190 74
191 74
76 74
223 74
1 74
82 74
82 76
115 76
189 76
191 76
196 76
116 76
223 76
85 76
99 76
101 76
121 76
207 76
224 76
89 76
92 76
122 76
194 76
131 76
132 76
114 76
120 76
141 76
146 76
158 76
228 76
199 76
200 76
137 76
145 76
138 76
160 76
258 76
84 76
91 76
140 76
173 76
212 76
216 76
84 80
201 80
113 80
152 80
87 81
124 81
1 82
185 84
128 84
206 84
146 84
86 85
91 85
99 85
101 85
121 85
207 85
224 85
103 85
133 85
225 85
233 85
91 86
126 88
184 88
264 88
91 89
100 89
92 89
122 89
194 89
112 89
113 89
164 89
197 89
218 89
1 90
94 90
102 90
108 90
115 90
118 90
188 90
189 90
209 90
119 90
122 90
100 91
92 91
94 91
132 91
133 91
194 91
205 91
206 91
212 91
96 91
121 91
144 91
165 91
216 91
224 91
161 91
172 91
140 91
173 91
258 91
103 91
225 91
233 91
98 91
94 92
132 92
133 92
194 92
205 92
206 92
212 92
107 92
196 92
223 92
1 92
115 92
119 92
131 92
121 92
122 92
116 92
95 93
113 93
116 93
210 93
1 94
132 94
133 94
194 94
205 94
206 94
212 94
113 95
116 95
210 95
117 95
128 95
179 95
128 98
111 98
112 98
113 98
114 98
134 98
101 99
121 99
207 99
224 99
215 99
112 100
113 100
122 100
164 100
197 100
218 100
121 101
207 101
224 101
108 102
115 102
118 102
188 102
189 102
209 102
1 102
119 102
122 102
121 103
133 103
225 103
233 103
113 106
116 106
131 106
298 106
122 107
132 107
194 107
196 107
212 107
223 107
178 107
115 108
118 108
188 108
189 108
209 108
1 108
119 108
112 108
115 109
131 109
132 109
112 111
113 111
114 111
134 111
198 111
113 112
134 112
122 112
198 112
210 112
115 112
188 112
189 112
190 112
191 112
209 112
1 112
114 112
164 112
197 112
218 112
144 112
297 112
168 112
246 112
134 113
116 113
210 113
131 113
114 113
122 113
164 113
197 113
218 113
144 113
123 113
199 113
206 113
225 113
297 113
161 114
227 114
134 114
169 114
268 114
291 114
297 114
131 115
132 115
189 115
191 115
196 115
118 115
188 115
209 115
190 115
1 115
119 115
223 115
122 115
142 115
160 115
116 115
138 115
258 115
196 116
223 116
210 116
131 116
132 116
138 116
160 116
189 116
191 116
258 116
128 117
188 118
189 118
209 118
1 118
119 118
122 118
1 119
209 119
131 119
132 119
122 119
193 119
203 120
196 120
206 120
211 120
223 120
141 120
146 120
158 120
228 120
179 120
207 121
224 121
132 121
133 121
225 121
233 121
134 121
168 121
236 121
237 121
263 121
267 121
198 122
210 122
1 122
194 122
164 122
197 122
218 122
178 122
199 123
197 123
206 123
225 123
185 128
206 128
132 131
1 131
133 132
194 132
205 132
206 132
212 132
196 132
223 132
1 132
161 132
172 132
194 133
205 133
206 133
212 133
161 133
172 133
225 133
233 133
198 134
144 134
168 134
236 134
237 134
263 134
267 134
246 134
145 137
158 137
196 137
160 138
189 138
191 138
196 138
223 138
258 138
142 138
232 138
259 138
206 140
215 140
173 140
212 140
216 140
258 140
146 141
158 141
228 141
160 142
191 142
209 142
232 142
145 142
158 142
259 142
165 144
205 144
216 144
224 144
297 144
158 145
196 145
160 145
209 145
232 145
158 146
228 146
148 147
163 147
207 147
239 147
163 148
207 148
239 148
256 150
257 150
186 155
228 158
196 158
160 158
209 158
232 158
191 160
189 160
196 160
223 160
258 160
209 160
232 160
259 160
227 161
172 161
194 161
212 161
207 163
239 163
197 164
218 164
268 164
205 165
216 165
224 165
236 168
237 168
263 168
267 168
246 168
227 169
268 169
291 169
297 169
194 172
212 172
212 173
216 173
258 173
249 179
264 184
206 185
189 188
209 188
190 188
191 188
1 188
191 189
196 189
209 189
190 189
223 189
258 189
192 190
191 190
209 190
196 191
209 191
223 191
258 191
205 194
206 194
212 194
196 194
223 194
223 196
206 196
211 196
212 196
199 196
200 196
258 196
218 197
199 197
206 197
225 197
210 198
200 199
223 199
206 199
225 199
223 200
206 205
212 205
216 205
224 205
212 206
211 206
223 206
215 206
224 206
225 206
224 207
239 207
1 209
232 209
223 211
223 212
216 212
258 212
224 216
258 216
258 223
233 225
268 227
291 227
297 227
259 232
237 236
263 236
267 236
263 237
267 237
257 256
267 263
291 268
297 268
297 291
