3724
1 2
8 2
3 2
12 2
4 2
13 2
12 3
5 3
17 3
4 3
6 3
18 3
13 4
6 4
18 4
7 4
19 4
1 5
17 5
6 5
8 5
24 5
18 6
8 6
24 6
9 6
25 6
7 6
10 6
26 6
19 7
10 7
26 7
11 7
27 7
1 8
24 8
9 8
12 8
32 8
10 8
13 8
33 8
25 9
12 9
32 9
10 9
14 9
34 9
26 10
13 10
33 10
14 10
34 10
11 10
15 10
35 10
27 11
15 11
35 11
16 11
36 11
32 12
17 12
41 12
13 12
14 12
18 12
42 12
33 13
14 13
18 13
42 13
15 13
19 13
43 13
34 14
18 14
42 14
20 14
44 14
15 14
21 14
45 14
35 15
19 15
43 15
21 15
45 15
16 15
22 15
46 15
36 16
22 16
46 16
23 16
47 16
41 17
18 17
24 17
52 17
42 18
24 18
52 18
20 18
25 18
53 18
19 18
21 18
26 18
54 18
43 19
21 19
26 19
54 19
22 19
27 19
55 19
44 20
25 20
53 20
21 20
28 20
56 20
45 21
26 21
54 21
28 21
56 21
22 21
29 21
57 21
46 22
27 22
55 22
29 22
57 22
23 22
30 22
58 22
47 23
30 23
58 23
31 23
59 23
52 24
25 24
32 24
64 24
26 24
33 24
65 24
53 25
32 25
64 25
26 25
28 25
34 25
66 25
54 26
33 26
65 26
28 26
34 26
66 26
27 26
29 26
35 26
67 26
55 27
29 27
35 27
67 27
30 27
36 27
68 27
56 28
34 28
66 28
37 28
69 28
29 28
38 28
70 28
57 29
35 29
67 29
38 29
70 29
30 29
39 29
71 29
58 30
36 30
68 30
39 30
71 30
31 30
40 30
72 30
59 31
40 31
72 31
64 32
41 32
77 32
33 32
34 32
42 32
78 32
65 33
34 33
42 33
78 33
35 33
43 33
79 33
66 34
42 34
78 34
37 34
44 34
80 34
35 34
38 34
45 34
81 34
67 35
43 35
79 35
38 35
45 35
81 35
36 35
39 35
46 35
82 35
68 36
39 36
46 36
82 36
40 36
47 36
83 36
69 37
44 37
80 37
38 37
48 37
84 37
70 38
45 38
81 38
48 38
84 38
39 38
49 38
85 38
71 39
46 39
82 39
49 39
85 39
40 39
50 39
86 39
72 40
47 40
83 40
50 40
86 40
51 40
87 40
77 41
42 41
52 41
92 41
78 42
52 42
92 42
44 42
53 42
93 42
43 42
45 42
54 42
94 42
79 43
45 43
54 43
94 43
46 43
55 43
95 43
80 44
53 44
93 44
45 44
48 44
56 44
96 44
81 45
54 45
94 45
48 45
56 45
96 45
46 45
49 45
57 45
97 45
82 46
55 46
95 46
49 46
57 46
97 46
47 46
50 46
58 46
98 46
83 47
50 47
58 47
98 47
51 47
59 47
99 47
84 48
56 48
96 48
60 48
100 48
49 48
61 48
101 48
85 49
57 49
97 49
61 49
101 49
50 49
62 49
102 49
86 50
58 50
98 50
62 50
102 50
51 50
63 50
103 50
87 51
59 51
99 51
63 51
103 51
92 52
53 52
64 52
108 52
54 52
65 52
109 52
93 53
64 53
108 53
54 53
56 53
66 53
110 53
94 54
65 54
109 54
56 54
66 54
110 54
55 54
57 54
67 54
111 54
95 55
57 55
67 55
111 55
58 55
68 55
112 55
96 56
66 56
110 56
60 56
69 56
113 56
57 56
61 56
70 56
114 56
97 57
67 57
111 57
61 57
70 57
114 57
58 57
62 57
71 57
115 57
98 58
68 58
112 58
62 58
71 58
115 58
59 58
63 58
72 58
116 58
99 59
63 59
72 59
116 59
100 60
69 60
113 60
61 60
73 60
117 60
101 61
70 61
114 61
73 61
117 61
62 61
74 61
118 61
102 62
71 62
115 62
74 62
118 62
63 62
75 62
119 62
103 63
72 63
116 63
75 63
119 63
76 63
120 63
108 64
77 64
125 64
65 64
66 64
78 64
126 64
109 65
66 65
78 65
126 65
67 65
79 65
127 65
110 66
78 66
126 66
69 66
80 66
128 66
67 66
70 66
81 66
129 66
111 67
79 67
127 67
70 67
81 67
129 67
68 67
71 67
82 67
130 67
112 68
71 68
82 68
130 68
72 68
83 68
131 68
113 69
80 69
128 69
70 69
73 69
84 69
132 69
114 70
81 70
129 70
73 70
84 70
132 70
71 70
74 70
85 70
133 70
115 71
82 71
130 71
74 71
85 71
133 71
72 71
75 71
86 71
134 71
116 72
83 72
131 72
75 72
86 72
134 72
76 72
87 72
135 72
117 73
84 73
132 73
88 73
136 73
74 73
89 73
137 73
118 74
85 74
133 74
89 74
137 74
75 74
90 74
138 74
119 75
86 75
134 75
90 75
138 75
76 75
91 75
139 75
120 76
87 76
135 76
91 76
139 76
125 77
78 77
92 77
144 77
126 78
92 78
144 78
80 78
93 78
145 78
79 78
81 78
94 78
146 78
127 79
81 79
94 79
146 79
82 79
95 79
147 79
128 80
93 80
145 80
81 80
84 80
96 80
148 80
129 81
94 81
146 81
84 81
96 81
148 81
82 81
85 81
97 81
149 81
130 82
95 82
147 82
85 82
97 82
149 82
83 82
86 82
98 82
150 82
131 83
86 83
98 83
150 83
87 83
99 83
151 83
132 84
96 84
148 84
88 84
100 84
152 84
85 84
89 84
101 84
153 84
133 85
97 85
149 85
89 85
101 85
153 85
86 85
90 85
102 85
154 85
134 86
98 86
150 86
90 86
102 86
154 86
87 86
91 86
103 86
155 86
135 87
99 87
151 87
91 87
103 87
155 87
136 88
100 88
152 88
89 88
104 88
156 88
137 89
101 89
153 89
104 89
156 89
90 89
105 89
157 89
138 90
102 90
154 90
105 90
157 90
91 90
106 90
158 90
139 91
103 91
155 91
106 91
158 91
107 91
159 91
144 92
93 92
108 92
163 92
94 92
109 92
164 92
145 93
108 93
163 93
94 93
96 93
110 93
165 93
146 94
109 94
164 94
96 94
110 94
165 94
95 94
97 94
111 94
166 94
147 95
97 95
111 95
166 95
98 95
112 95
167 95
148 96
110 96
165 96
100 96
113 96
168 96
97 96
101 96
114 96
169 96
149 97
111 97
166 97
101 97
114 97
169 97
98 97
102 97
115 97
170 97
150 98
112 98
167 98
102 98
115 98
170 98
99 98
103 98
116 98
171 98
151 99
103 99
116 99
171 99
152 100
113 100
168 100
101 100
104 100
117 100
172 100
153 101
114 101
169 101
104 101
117 101
172 101
102 101
105 101
118 101
173 101
154 102
115 102
170 102
105 102
118 102
173 102
103 102
106 102
119 102
174 102
155 103
116 103
171 103
106 103
119 103
174 103
107 103
120 103
175 103
156 104
117 104
172 104
121 104
176 104
105 104
122 104
177 104
157 105
118 105
173 105
122 105
177 105
106 105
123 105
178 105
158 106
119 106
174 106
123 106
178 106
107 106
124 106
179 106
159 107
120 107
175 107
124 107
179 107
163 108
125 108
183 108
109 108
110 108
126 108
184 108
164 109
110 109
126 109
184 109
111 109
127 109
185 109
165 110
126 110
184 110
113 110
128 110
186 110
111 110
114 110
129 110
187 110
166 111
127 111
185 111
114 111
129 111
187 111
112 111
115 111
130 111
188 111
167 112
115 112
130 112
188 112
116 112
131 112
189 112
168 113
128 113
186 113
114 113
117 113
132 113
190 113
169 114
129 114
187 114
117 114
132 114
190 114
115 114
118 114
133 114
191 114
170 115
130 115
188 115
118 115
133 115
191 115
116 115
119 115
134 115
192 115
171 116
131 116
189 116
119 116
134 116
192 116
120 116
135 116
193 116
172 117
132 117
190 117
121 117
136 117
194 117
118 117
122 117
137 117
195 117
173 118
133 118
191 118
122 118
137 118
195 118
119 118
123 118
138 118
196 118
174 119
134 119
192 119
123 119
138 119
196 119
120 119
124 119
139 119
197 119
175 120
135 120
193 120
124 120
139 120
197 120
176 121
136 121
194 121
122 121
140 121
198 121
177 122
137 122
195 122
140 122
198 122
123 122
141 122
199 122
178 123
138 123
196 123
141 123
199 123
124 123
142 123
200 123
179 124
139 124
197 124
142 124
200 124
143 124
201 124
183 125
126 125
144 125
204 125
184 126
144 126
204 126
128 126
145 126
205 126
127 126
129 126
146 126
206 126
185 127
129 127
146 127
206 127
130 127
147 127
207 127
186 128
145 128
205 128
129 128
132 128
148 128
208 128
187 129
146 129
206 129
132 129
148 129
208 129
130 129
133 129
149 129
209 129
188 130
147 130
207 130
133 130
149 130
209 130
131 130
134 130
150 130
210 130
189 131
134 131
150 131
210 131
135 131
151 131
211 131
190 132
148 132
208 132
136 132
152 132
212 132
133 132
137 132
153 132
213 132
191 133
149 133
209 133
137 133
153 133
213 133
134 133
138 133
154 133
214 133
192 134
150 134
210 134
138 134
154 134
214 134
135 134
139 134
155 134
215 134
193 135
151 135
211 135
139 135
155 135
215 135
194 136
152 136
212 136
137 136
140 136
156 136
216 136
195 137
153 137
213 137
140 137
156 137
216 137
138 137
141 137
157 137
217 137
196 138
154 138
214 138
141 138
157 138
217 138
139 138
142 138
158 138
218 138
197 139
155 139
215 139
142 139
158 139
218 139
143 139
159 139
219 139
198 140
156 140
216 140
141 140
160 140
220 140
199 141
157 141
217 141
160 141
220 141
142 141
161 141
221 141
200 142
158 142
218 142
161 142
221 142
143 142
162 142
222 142
201 143
159 143
219 143
162 143
222 143
204 144
145 144
163 144
225 144
146 144
164 144
226 144
205 145
163 145
225 145
146 145
148 145
165 145
227 145
206 146
164 146
226 146
148 146
165 146
227 146
147 146
149 146
166 146
228 146
207 147
149 147
166 147
228 147
150 147
167 147
229 147
208 148
165 148
227 148
152 148
168 148
230 148
149 148
153 148
169 148
231 148
209 149
166 149
228 149
153 149
169 149
231 149
150 149
154 149
170 149
232 149
210 150
167 150
229 150
154 150
170 150
232 150
151 150
155 150
171 150
233 150
211 151
155 151
171 151
233 151
212 152
168 152
230 152
153 152
156 152
172 152
234 152
213 153
169 153
231 153
156 153
172 153
234 153
154 153
157 153
173 153
235 153
214 154
170 154
232 154
157 154
173 154
235 154
155 154
158 154
174 154
236 154
215 155
171 155
233 155
158 155
174 155
236 155
159 155
175 155
237 155
216 156
172 156
234 156
176 156
238 156
157 156
160 156
177 156
239 156
217 157
173 157
235 157
160 157
177 157
239 157
158 157
161 157
178 157
240 157
218 158
174 158
236 158
161 158
178 158
240 158
159 158
162 158
179 158
241 158
219 159
175 159
237 159
162 159
179 159
241 159
220 160
177 160
239 160
161 160
180 160
242 160
221 161
178 161
240 161
180 161
242 161
162 161
181 161
243 161
222 162
179 162
241 162
181 162
243 162
182 162
244 162
225 163
183 163
246 163
164 163
165 163
184 163
247 163
226 164
165 164
184 164
247 164
166 164
185 164
248 164
227 165
184 165
247 165
168 165
186 165
249 165
166 165
169 165
187 165
250 165
228 166
185 166
248 166
169 166
187 166
250 166
167 166
170 166
188 166
251 166
229 167
170 167
188 167
251 167
171 167
189 167
252 167
230 168
186 168
249 168
169 168
172 168
190 168
253 168
231 169
187 169
250 169
172 169
190 169
253 169
170 169
173 169
191 169
254 169
232 170
188 170
251 170
173 170
191 170
254 170
171 170
174 170
192 170
255 170
233 171
189 171
252 171
174 171
192 171
255 171
175 171
193 171
256 171
234 172
190 172
253 172
176 172
194 172
257 172
173 172
177 172
195 172
258 172
235 173
191 173
254 173
177 173
195 173
258 173
174 173
178 173
196 173
259 173
236 174
192 174
255 174
178 174
196 174
259 174
175 174
179 174
197 174
260 174
237 175
193 175
256 175
179 175
197 175
260 175
238 176
194 176
257 176
177 176
198 176
261 176
239 177
195 177
258 177
198 177
261 177
178 177
180 177
199 177
262 177
240 178
196 178
259 178
180 178
199 178
262 178
179 178
181 178
200 178
263 178
241 179
197 179
260 179
181 179
200 179
263 179
182 179
201 179
264 179
242 180
199 180
262 180
181 180
202 180
265 180
243 181
200 181
263 181
202 181
265 181
182 181
203 181
266 181
244 182
201 182
264 182
203 182
266 182
246 183
184 183
204 183
268 183
247 184
204 184
268 184
186 184
205 184
269 184
185 184
187 184
206 184
270 184
248 185
187 185
206 185
270 185
188 185
207 185
271 185
249 186
205 186
269 186
187 186
190 186
208 186
272 186
250 187
206 187
270 187
190 187
208 187
272 187
188 187
191 187
209 187
273 187
251 188
207 188
271 188
191 188
209 188
273 188
189 188
192 188
210 188
274 188
252 189
192 189
210 189
274 189
193 189
211 189
275 189
253 190
208 190
272 190
194 190
212 190
276 190
191 190
195 190
213 190
277 190
254 191
209 191
273 191
195 191
213 191
277 191
192 191
196 191
214 191
278 191
255 192
210 192
274 192
196 192
214 192
278 192
193 192
197 192
215 192
279 192
256 193
211 193
275 193
197 193
215 193
279 193
257 194
212 194
276 194
195 194
198 194
216 194
280 194
258 195
213 195
277 195
198 195
216 195
280 195
196 195
199 195
217 195
281 195
259 196
214 196
278 196
199 196
217 196
281 196
197 196
200 196
218 196
282 196
260 197
215 197
279 197
200 197
218 197
282 197
201 197
219 197
283 197
261 198
216 198
280 198
199 198
220 198
284 198
262 199
217 199
281 199
220 199
284 199
200 199
202 199
221 199
285 199
263 200
218 200
282 200
202 200
221 200
285 200
201 200
203 200
222 200
286 200
264 201
219 201
283 201
203 201
222 201
286 201
265 202
221 202
285 202
203 202
223 202
287 202
266 203
222 203
286 203
223 203
287 203
224 203
288 203
268 204
205 204
225 204
289 204
206 204
226 204
290 204
269 205
225 205
289 205
206 205
208 205
227 205
291 205
270 206
226 206
290 206
208 206
227 206
291 206
207 206
209 206
228 206
292 206
271 207
209 207
228 207
292 207
210 207
229 207
293 207
272 208
227 208
291 208
212 208
230 208
294 208
209 208
213 208
231 208
295 208
273 209
228 209
292 209
213 209
231 209
295 209
210 209
214 209
232 209
296 209
274 210
229 210
293 210
214 210
232 210
296 210
211 210
215 210
233 210
297 210
275 211
215 211
233 211
297 211
276 212
230 212
294 212
213 212
216 212
234 212
298 212
277 213
231 213
295 213
216 213
234 213
298 213
214 213
217 213
235 213
299 213
278 214
232 214
296 214
217 214
235 214
299 214
215 214
218 214
236 214
300 214
279 215
233 215
297 215
218 215
236 215
300 215
219 215
237 215
301 215
280 216
234 216
298 216
238 216
302 216
217 216
220 216
239 216
303 216
281 217
235 217
299 217
220 217
239 217
303 217
218 217
221 217
240 217
304 217
282 218
236 218
300 218
221 218
240 218
304 218
219 218
222 218
241 218
305 218
283 219
237 219
301 219
222 219
241 219
305 219
284 220
239 220
303 220
221 220
242 220
306 220
285 221
240 221
304 221
242 221
306 221
222 221
223 221
243 221
307 221
286 222
241 222
305 222
223 222
243 222
307 222
224 222
244 222
308 222
287 223
243 223
307 223
224 223
245 223
309 223
288 224
244 224
308 224
245 224
309 224
289 225
246 225
226 225
227 225
247 225
310 225
290 226
227 226
247 226
310 226
228 226
248 226
311 226
291 227
247 227
310 227
230 227
249 227
312 227
228 227
231 227
250 227
313 227
292 228
248 228
311 228
231 228
250 228
313 228
229 228
232 228
251 228
314 228
293 229
232 229
251 229
314 229
233 229
252 229
315 229
294 230
249 230
312 230
231 230
234 230
253 230
316 230
295 231
250 231
313 231
234 231
253 231
316 231
232 231
235 231
254 231
317 231
296 232
251 232
314 232
235 232
254 232
317 232
233 232
236 232
255 232
318 232
297 233
252 233
315 233
236 233
255 233
318 233
237 233
256 233
319 233
298 234
253 234
316 234
238 234
257 234
320 234
235 234
239 234
258 234
321 234
299 235
254 235
317 235
239 235
258 235
321 235
236 235
240 235
259 235
322 235
300 236
255 236
318 236
240 236
259 236
322 236
237 236
241 236
260 236
323 236
301 237
256 237
319 237
241 237
260 237
323 237
302 238
257 238
320 238
239 238
261 238
324 238
303 239
258 239
321 239
261 239
324 239
240 239
242 239
262 239
325 239
304 240
259 240
322 240
242 240
262 240
325 240
241 240
243 240
263 240
326 240
305 241
260 241
323 241
243 241
263 241
326 241
244 241
264 241
327 241
306 242
262 242
325 242
243 242
265 242
328 242
307 243
263 243
326 243
265 243
328 243
244 243
245 243
266 243
329 243
308 244
264 244
327 244
245 244
266 244
329 244
309 245
266 245
329 245
267 245
330 245
247 246
268 246
310 247
268 247
249 247
269 247
331 247
248 247
250 247
270 247
332 247
311 248
250 248
270 248
332 248
251 248
271 248
333 248
312 249
269 249
331 249
250 249
253 249
272 249
334 249
313 250
270 250
332 250
253 250
272 250
334 250
251 250
254 250
273 250
335 250
314 251
271 251
333 251
254 251
273 251
335 251
252 251
255 251
274 251
336 251
315 252
255 252
274 252
336 252
256 252
275 252
337 252
316 253
272 253
334 253
257 253
276 253
338 253
254 253
258 253
277 253
339 253
317 254
273 254
335 254
258 254
277 254
339 254
255 254
259 254
278 254
340 254
318 255
274 255
336 255
259 255
278 255
340 255
256 255
260 255
279 255
341 255
319 256
275 256
337 256
260 256
279 256
341 256
320 257
276 257
338 257
258 257
261 257
280 257
342 257
321 258
277 258
339 258
261 258
280 258
342 258
259 258
262 258
281 258
343 258
322 259
278 259
340 259
262 259
281 259
343 259
260 259
263 259
282 259
344 259
323 260
279 260
341 260
263 260
282 260
344 260
264 260
283 260
345 260
324 261
280 261
342 261
262 261
284 261
346 261
325 262
281 262
343 262
284 262
346 262
263 262
265 262
285 262
347 262
326 263
282 263
344 263
265 263
285 263
347 263
264 263
266 263
286 263
348 263
327 264
283 264
345 264
266 264
286 264
348 264
328 265
285 265
347 265
266 265
287 265
349 265
329 266
286 266
348 266
287 266
349 266
267 266
288 266
350 266
330 267
288 267
350 267
269 268
289 268
270 268
290 268
331 269
289 269
270 269
272 269
291 269
351 269
332 270
290 270
272 270
291 270
351 270
271 270
273 270
292 270
352 270
333 271
273 271
292 271
352 271
274 271
293 271
353 271
334 272
291 272
351 272
276 272
294 272
354 272
273 272
277 272
295 272
355 272
335 273
292 273
352 273
277 273
295 273
355 273
274 273
278 273
296 273
356 273
336 274
293 274
353 274
278 274
296 274
356 274
275 274
279 274
297 274
357 274
337 275
279 275
297 275
357 275
338 276
294 276
354 276
277 276
280 276
298 276
358 276
339 277
295 277
355 277
280 277
298 277
358 277
278 277
281 277
299 277
359 277
340 278
296 278
356 278
281 278
299 278
359 278
279 278
282 278
300 278
360 278
341 279
297 279
357 279
282 279
300 279
360 279
283 279
301 279
361 279
342 280
298 280
358 280
302 280
362 280
281 280
284 280
303 280
363 280
343 281
299 281
359 281
284 281
303 281
363 281
282 281
285 281
304 281
364 281
344 282
300 282
360 282
285 282
304 282
364 282
283 282
286 282
305 282
365 282
345 283
301 283
361 283
286 283
305 283
365 283
346 284
303 284
363 284
285 284
306 284
366 284
347 285
304 285
364 285
306 285
366 285
286 285
287 285
307 285
367 285
348 286
305 286
365 286
287 286
307 286
367 286
288 286
308 286
368 286
349 287
307 287
367 287
288 287
309 287
369 287
350 288
308 288
368 288
309 288
369 288
290 289
291 289
310 289
291 290
310 290
292 290
311 290
351 291
310 291
294 291
312 291
370 291
292 291
295 291
313 291
371 291
352 292
311 292
295 292
313 292
371 292
293 292
296 292
314 292
372 292
353 293
296 293
314 293
372 293
297 293
315 293
373 293
354 294
312 294
370 294
295 294
298 294
316 294
374 294
355 295
313 295
371 295
298 295
316 295
374 295
296 295
299 295
317 295
375 295
356 296
314 296
372 296
299 296
317 296
375 296
297 296
300 296
318 296
376 296
357 297
315 297
373 297
300 297
318 297
376 297
301 297
319 297
377 297
358 298
316 298
374 298
302 298
320 298
378 298
299 298
303 298
321 298
379 298
359 299
317 299
375 299
303 299
321 299
379 299
300 299
304 299
322 299
380 299
360 300
318 300
376 300
304 300
322 300
380 300
301 300
305 300
323 300
381 300
361 301
319 301
377 301
305 301
323 301
381 301
362 302
320 302
378 302
303 302
324 302
382 302
363 303
321 303
379 303
324 303
382 303
304 303
306 303
325 303
383 303
364 304
322 304
380 304
306 304
325 304
383 304
305 304
307 304
326 304
384 304
365 305
323 305
381 305
307 305
326 305
384 305
308 305
327 305
385 305
366 306
325 306
383 306
307 306
328 306
386 306
367 307
326 307
384 307
328 307
386 307
308 307
309 307
329 307
387 307
368 308
327 308
385 308
309 308
329 308
387 308
369 309
329 309
387 309
330 309
388 309
312 310
331 310
311 310
313 310
332 310
313 311
332 311
314 311
333 311
370 312
331 312
313 312
316 312
334 312
389 312
371 313
332 313
316 313
334 313
389 313
314 313
317 313
335 313
390 313
372 314
333 314
317 314
335 314
390 314
315 314
318 314
336 314
391 314
373 315
318 315
336 315
391 315
319 315
337 315
392 315
374 316
334 316
389 316
320 316
338 316
393 316
317 316
321 316
339 316
394 316
375 317
335 317
390 317
321 317
339 317
394 317
318 317
322 317
340 317
395 317
376 318
336 318
391 318
322 318
340 318
395 318
319 318
323 318
341 318
396 318
377 319
337 319
392 319
323 319
341 319
396 319
378 320
338 320
393 320
321 320
324 320
342 320
397 320
379 321
339 321
394 321
324 321
342 321
397 321
322 321
325 321
343 321
398 321
380 322
340 322
395 322
325 322
343 322
398 322
323 322
326 322
344 322
399 322
381 323
341 323
396 323
326 323
344 323
399 323
327 323
345 323
400 323
382 324
342 324
397 324
325 324
346 324
401 324
383 325
343 325
398 325
346 325
401 325
326 325
328 325
347 325
402 325
384 326
344 326
399 326
328 326
347 326
402 326
327 326
329 326
348 326
403 326
385 327
345 327
400 327
329 327
348 327
403 327
386 328
347 328
402 328
329 328
349 328
404 328
387 329
348 329
403 329
349 329
404 329
330 329
350 329
405 329
388 330
350 330
405 330
332 331
334 331
351 331
334 332
351 332
333 332
335 332
352 332
335 333
352 333
336 333
353 333
389 334
351 334
338 334
354 334
406 334
335 334
339 334
355 334
407 334
390 335
352 335
339 335
355 335
407 335
336 335
340 335
356 335
408 335
391 336
353 336
340 336
356 336
408 336
337 336
341 336
357 336
409 336
392 337
341 337
357 337
409 337
393 338
354 338
406 338
339 338
342 338
358 338
410 338
394 339
355 339
407 339
342 339
358 339
410 339
340 339
343 339
359 339
411 339
395 340
356 340
408 340
343 340
359 340
411 340
341 340
344 340
360 340
412 340
396 341
357 341
409 341
344 341
360 341
412 341
345 341
361 341
413 341
397 342
358 342
410 342
362 342
414 342
343 342
346 342
363 342
415 342
398 343
359 343
411 343
346 343
363 343
415 343
344 343
347 343
364 343
416 343
399 344
360 344
412 344
347 344
364 344
416 344
345 344
348 344
365 344
417 344
400 345
361 345
413 345
348 345
365 345
417 345
401 346
363 346
415 346
347 346
366 346
418 346
402 347
364 347
416 347
366 347
418 347
348 347
349 347
367 347
419 347
403 348
365 348
417 348
349 348
367 348
419 348
350 348
368 348
420 348
404 349
367 349
419 349
350 349
369 349
421 349
405 350
368 350
420 350
369 350
421 350
354 351
370 351
352 351
355 351
371 351
355 352
371 352
353 352
356 352
372 352
356 353
372 353
357 353
373 353
406 354
370 354
355 354
358 354
374 354
422 354
407 355
371 355
358 355
374 355
422 355
356 355
359 355
375 355
423 355
408 356
372 356
359 356
375 356
423 356
357 356
360 356
376 356
424 356
409 357
373 357
360 357
376 357
424 357
361 357
377 357
425 357
410 358
374 358
422 358
362 358
378 358
426 358
359 358
363 358
379 358
427 358
411 359
375 359
423 359
363 359
379 359
427 359
360 359
364 359
380 359
428 359
412 360
376 360
424 360
364 360
380 360
428 360
361 360
365 360
381 360
429 360
413 361
377 361
425 361
365 361
381 361
429 361
414 362
378 362
426 362
363 362
382 362
430 362
415 363
379 363
427 363
382 363
430 363
364 363
366 363
383 363
431 363
416 364
380 364
428 364
366 364
383 364
431 364
365 364
367 364
384 364
432 364
417 365
381 365
429 365
367 365
384 365
432 365
368 365
385 365
433 365
418 366
383 366
431 366
367 366
386 366
434 366
419 367
384 367
432 367
386 367
434 367
368 367
369 367
387 367
435 367
420 368
385 368
433 368
369 368
387 368
435 368
421 369
387 369
435 369
388 369
436 369
371 370
374 370
389 370
374 371
389 371
372 371
375 371
390 371
375 372
390 372
373 372
376 372
391 372
376 373
391 373
377 373
392 373
422 374
389 374
378 374
393 374
437 374
375 374
379 374
394 374
438 374
423 375
390 375
379 375
394 375
438 375
376 375
380 375
395 375
439 375
424 376
391 376
380 376
395 376
439 376
377 376
381 376
396 376
440 376
425 377
392 377
381 377
396 377
440 377
426 378
393 378
437 378
379 378
382 378
397 378
441 378
427 379
394 379
438 379
382 379
397 379
441 379
380 379
383 379
398 379
442 379
428 380
395 380
439 380
383 380
398 380
442 380
381 380
384 380
399 380
443 380
429 381
396 381
440 381
384 381
399 381
443 381
385 381
400 381
444 381
430 382
397 382
441 382
383 382
401 382
445 382
431 383
398 383
442 383
401 383
445 383
384 383
386 383
402 383
446 383
432 384
399 384
443 384
386 384
402 384
446 384
385 384
387 384
403 384
447 384
433 385
400 385
444 385
387 385
403 385
447 385
434 386
402 386
446 386
387 386
404 386
448 386
435 387
403 387
447 387
404 387
448 387
388 387
405 387
449 387
436 388
405 388
449 388
393 389
406 389
390 389
394 389
407 389
394 390
407 390
391 390
395 390
408 390
395 391
408 391
392 391
396 391
409 391
396 392
409 392
437 393
406 393
394 393
397 393
410 393
450 393
438 394
407 394
397 394
410 394
450 394
395 394
398 394
411 394
451 394
439 395
408 395
398 395
411 395
451 395
396 395
399 395
412 395
452 395
440 396
409 396
399 396
412 396
452 396
400 396
413 396
453 396
441 397
410 397
450 397
414 397
454 397
398 397
401 397
415 397
455 397
442 398
411 398
451 398
401 398
415 398
455 398
399 398
402 398
416 398
456 398
443 399
412 399
452 399
402 399
416 399
456 399
400 399
403 399
417 399
457 399
444 400
413 400
453 400
403 400
417 400
457 400
445 401
415 401
455 401
402 401
418 401
458 401
446 402
416 402
456 402
418 402
458 402
403 402
404 402
419 402
459 402
447 403
417 403
457 403
404 403
419 403
459 403
405 403
420 403
460 403
448 404
419 404
459 404
405 404
421 404
461 404
449 405
420 405
460 405
421 405
461 405
407 406
410 406
422 406
410 407
422 407
408 407
411 407
423 407
411 408
423 408
409 408
412 408
424 408
412 409
424 409
413 409
425 409
450 410
422 410
414 410
426 410
462 410
411 410
415 410
427 410
463 410
451 411
423 411
415 411
427 411
463 411
412 411
416 411
428 411
464 411
452 412
424 412
416 412
428 412
464 412
413 412
417 412
429 412
465 412
453 413
425 413
417 413
429 413
465 413
454 414
426 414
462 414
415 414
430 414
466 414
455 415
427 415
463 415
430 415
466 415
416 415
418 415
431 415
467 415
456 416
428 416
464 416
418 416
431 416
467 416
417 416
419 416
432 416
468 416
457 417
429 417
465 417
419 417
432 417
468 417
420 417
433 417
469 417
458 418
431 418
467 418
419 418
434 418
470 418
459 419
432 419
468 419
434 419
470 419
420 419
421 419
435 419
471 419
460 420
433 420
469 420
421 420
435 420
471 420
461 421
435 421
471 421
436 421
472 421
426 422
437 422
423 422
427 422
438 422
427 423
438 423
424 423
428 423
439 423
428 424
439 424
425 424
429 424
440 424
429 425
440 425
462 426
437 426
427 426
430 426
441 426
473 426
463 427
438 427
430 427
441 427
473 427
428 427
431 427
442 427
474 427
464 428
439 428
431 428
442 428
474 428
429 428
432 428
443 428
475 428
465 429
440 429
432 429
443 429
475 429
433 429
444 429
476 429
466 430
441 430
473 430
431 430
445 430
477 430
467 431
442 431
474 431
445 431
477 431
432 431
434 431
446 431
478 431
468 432
443 432
475 432
434 432
446 432
478 432
433 432
435 432
447 432
479 432
469 433
444 433
476 433
435 433
447 433
479 433
470 434
446 434
478 434
435 434
448 434
480 434
471 435
447 435
479 435
448 435
480 435
436 435
449 435
481 435
472 436
449 436
481 436
438 437
441 437
450 437
441 438
450 438
439 438
442 438
451 438
442 439
451 439
440 439
443 439
452 439
443 440
452 440
444 440
453 440
473 441
450 441
454 441
482 441
442 441
445 441
455 441
483 441
474 442
451 442
445 442
455 442
483 442
443 442
446 442
456 442
484 442
475 443
452 443
446 443
456 443
484 443
444 443
447 443
457 443
485 443
476 444
453 444
447 444
457 444
485 444
477 445
455 445
483 445
446 445
458 445
486 445
478 446
456 446
484 446
458 446
486 446
447 446
448 446
459 446
487 446
479 447
457 447
485 447
448 447
459 447
487 447
449 447
460 447
488 447
480 448
459 448
487 448
449 448
461 448
489 448
481 449
460 449
488 449
461 449
489 449
454 450
462 450
451 450
455 450
463 450
455 451
463 451
452 451
456 451
464 451
456 452
464 452
453 452
457 452
465 452
457 453
465 453
482 454
462 454
455 454
466 454
490 454
483 455
463 455
466 455
490 455
456 455
458 455
467 455
491 455
484 456
464 456
458 456
467 456
491 456
457 456
459 456
468 456
492 456
485 457
465 457
459 457
468 457
492 457
460 457
469 457
493 457
486 458
467 458
491 458
459 458
470 458
494 458
487 459
468 459
492 459
470 459
494 459
460 459
461 459
471 459
495 459
488 460
469 460
493 460
461 460
471 460
495 460
489 461
471 461
495 461
472 461
496 461
463 462
466 462
473 462
466 463
473 463
464 463
467 463
474 463
467 464
474 464
465 464
468 464
475 464
468 465
475 465
469 465
476 465
490 466
473 466
467 466
477 466
497 466
491 467
474 467
477 467
497 467
468 467
470 467
478 467
498 467
492 468
475 468
470 468
478 468
498 468
469 468
471 468
479 468
499 468
493 469
476 469
471 469
479 469
499 469
494 470
478 470
498 470
471 470
480 470
500 470
495 471
479 471
499 471
480 471
500 471
472 471
481 471
501 471
496 472
481 472
501 472
482 473
474 473
477 473
483 473
477 474
483 474
475 474
478 474
484 474
478 475
484 475
476 475
479 475
485 475
479 476
485 476
497 477
483 477
478 477
486 477
502 477
498 478
484 478
486 478
502 478
479 478
480 478
487 478
503 478
499 479
485 479
480 479
487 479
503 479
481 479
488 479
504 479
500 480
487 480
503 480
481 480
489 480
505 480
501 481
488 481
504 481
489 481
505 481
483 482
490 482
490 483
484 483
486 483
491 483
486 484
491 484
485 484
487 484
492 484
487 485
492 485
488 485
493 485
502 486
491 486
487 486
494 486
506 486
503 487
492 487
494 487
506 487
488 487
489 487
495 487
507 487
504 488
493 488
489 488
495 488
507 488
505 489
495 489
507 489
496 489
508 489
491 490
497 490
497 491
492 491
494 491
498 491
494 492
498 492
493 492
495 492
499 492
495 493
499 493
506 494
498 494
495 494
500 494
509 494
507 495
499 495
500 495
509 495
496 495
501 495
510 495
508 496
501 496
510 496
498 497
502 497
502 498
499 498
500 498
503 498
500 499
503 499
501 499
504 499
509 500
503 500
501 500
505 500
511 500
510 501
504 501
505 501
511 501
503 502
506 502
506 503
504 503
505 503
507 503
505 504
507 504
511 505
507 505
508 505
512 505
507 506
509 506
509 507
508 507
510 507
512 508
510 508
510 509
511 509
511 510
512 511
