576
1 2
4 2
6 2
47 2
60 2
67 2
17 2
24 2
71 2
73 2
8 2
61 2
98 2
5 2
9 2
56 2
101 2
10 2
48 2
99 2
7 2
11 2
49 2
100 2
1 3
12 3
14 3
89 3
95 3
4 3
43 3
109 3
13 3
40 3
114 3
6 3
37 3
110 3
15 3
38 3
111 3
16 3
39 3
44 3
1 4
6 4
47 4
60 4
67 4
8 4
25 4
76 4
86 4
12 4
43 4
109 4
17 4
62 4
108 4
18 4
29 4
102 4
7 4
19 4
30 4
103 4
1 5
9 5
21 5
79 5
97 5
56 5
101 5
20 5
53 5
115 5
6 5
31 5
104 5
22 5
32 5
105 5
23 5
33 5
57 5
1 6
47 6
60 6
67 6
10 6
18 6
81 6
91 6
14 6
37 6
110 6
21 6
31 6
104 6
24 6
50 6
112 6
25 6
34 6
106 6
1 7
11 7
19 7
83 7
93 7
49 7
100 7
30 7
103 7
26 7
51 7
113 7
27 7
35 7
107 7
28 7
36 7
52 7
1 8
25 8
76 8
86 8
61 8
98 8
29 8
11 8
30 8
1 9
21 9
79 9
97 9
56 9
101 9
10 9
31 9
22 9
32 9
23 9
33 9
90 9
1 10
18 10
81 10
91 10
48 10
99 10
31 10
34 10
1 11
19 11
83 11
93 11
49 11
100 11
30 11
27 11
35 11
28 11
36 11
84 11
1 12
14 12
89 12
95 12
43 12
109 12
18 12
37 12
15 12
38 12
16 12
39 12
80 12
40 13
114 13
14 13
41 13
16 13
42 13
77 13
1 14
89 14
95 14
37 14
110 14
40 14
25 14
43 14
16 14
44 14
74 14
38 15
111 15
45 15
16 15
46 15
75 15
39 16
44 16
80 16
42 16
77 16
74 16
46 16
75 16
47 16
76 16
81 16
1 17
24 17
71 17
73 17
62 17
108 17
48 17
19 17
49 17
1 18
81 18
91 18
29 18
102 18
37 18
50 18
1 19
83 19
93 19
30 19
103 19
49 19
26 19
51 19
28 19
52 19
68 19
53 20
115 20
21 20
54 20
23 20
55 20
87 20
1 21
79 21
97 21
31 21
104 21
53 21
24 21
56 21
23 21
57 21
69 21
32 22
105 22
58 22
23 22
59 22
70 22
33 23
57 23
90 23
55 23
87 23
69 23
59 23
70 23
60 23
71 23
91 23
1 24
71 24
73 24
50 24
112 24
56 24
61 24
1 25
76 25
86 25
34 25
106 25
43 25
62 25
51 26
113 26
63 26
28 26
64 26
85 26
35 27
107 27
65 27
28 27
66 27
72 27
36 28
52 28
84 28
68 28
64 28
85 28
66 28
72 28
67 28
73 28
86 28
102 29
103 30
36 30
68 30
104 31
33 31
69 31
105 32
33 32
59 32
70 32
57 33
90 33
69 33
59 33
70 33
60 33
71 33
112 33
106 34
107 35
36 35
66 35
72 35
52 36
84 36
68 36
66 36
72 36
67 36
73 36
108 36
110 37
39 37
74 37
111 38
39 38
46 38
75 38
44 39
80 39
74 39
46 39
75 39
47 39
76 39
106 39
114 40
42 40
44 40
77 40
42 41
78 41
77 42
44 42
78 42
47 42
79 42
104 42
109 43
44 43
80 43
74 44
77 44
80 44
47 44
81 44
102 44
46 45
82 45
75 46
82 46
47 46
83 46
103 46
1 47
60 47
67 47
76 47
81 47
106 47
79 47
104 47
102 47
83 47
103 47
99 48
100 49
52 49
84 49
112 50
113 51
52 51
64 51
85 51
68 52
84 52
64 52
85 52
67 52
86 52
98 52
115 53
55 53
57 53
87 53
55 54
88 54
87 55
57 55
88 55
60 55
89 55
110 55
101 56
57 56
90 56
69 57
87 57
90 57
60 57
91 57
99 57
59 58
92 58
70 59
92 59
60 59
93 59
100 59
1 60
67 60
71 60
91 60
112 60
89 60
110 60
99 60
93 60
100 60
98 61
108 62
64 63
94 63
85 64
94 64
67 64
95 64
109 64
66 65
96 65
72 66
96 66
67 66
97 66
101 66
1 67
73 67
86 67
108 67
98 67
95 67
109 67
97 67
101 67
73 68
98 68
71 69
99 69
71 70
93 70
100 70
1 71
73 71
91 71
112 71
99 71
93 71
100 71
73 72
97 72
101 72
1 73
86 73
108 73
98 73
97 73
101 73
76 74
102 74
76 75
83 75
103 75
1 76
86 76
81 76
106 76
102 76
83 76
103 76
79 77
81 77
104 77
79 78
105 78
1 79
97 79
104 79
81 79
105 79
81 80
106 80
1 81
91 81
102 81
104 81
106 81
83 82
107 82
1 83
93 83
103 83
107 83
86 84
108 84
86 85
95 85
109 85
1 86
98 86
108 86
95 86
109 86
89 87
91 87
110 87
89 88
111 88
1 89
95 89
110 89
91 89
111 89
91 90
112 90
1 91
99 91
110 91
112 91
93 92
113 92
1 93
100 93
113 93
95 94
114 94
1 95
109 95
114 95
97 96
115 96
1 97
101 97
115 97
