1700
42 2
46 2
50 2
54 2
43 2
47 2
51 2
55 2
44 2
48 2
52 2
56 2
45 2
49 2
53 2
57 2
7 2
12 2
17 2
22 2
1 2
3 2
4 2
5 2
58 3
62 3
66 3
70 3
59 3
63 3
67 3
71 3
60 3
64 3
68 3
72 3
61 3
65 3
69 3
73 3
8 3
13 3
18 3
23 3
1 3
4 3
5 3
74 4
78 4
82 4
86 4
75 4
79 4
83 4
87 4
76 4
80 4
84 4
88 4
77 4
81 4
85 4
89 4
9 4
14 4
19 4
24 4
1 4
5 4
90 5
94 5
98 5
102 5
91 5
95 5
99 5
103 5
92 5
96 5
100 5
104 5
93 5
97 5
101 5
105 5
10 5
15 5
20 5
25 5
1 5
42 6
106 6
110 6
114 6
58 6
107 6
111 6
115 6
74 6
108 6
112 6
116 6
90 6
109 6
113 6
117 6
1 6
11 6
16 6
21 6
7 6
8 6
9 6
10 6
26 7
118 7
122 7
126 7
59 7
119 7
123 7
127 7
75 7
120 7
124 7
128 7
91 7
121 7
125 7
129 7
12 7
17 7
22 7
8 7
9 7
10 7
27 8
130 8
134 8
138 8
43 8
131 8
135 8
139 8
76 8
132 8
136 8
140 8
92 8
133 8
137 8
141 8
13 8
18 8
23 8
9 8
10 8
28 9
142 9
146 9
150 9
44 9
143 9
147 9
151 9
60 9
144 9
148 9
152 9
93 9
145 9
149 9
153 9
14 9
19 9
24 9
10 9
29 10
154 10
158 10
162 10
45 10
155 10
159 10
163 10
61 10
156 10
160 10
164 10
77 10
157 10
161 10
165 10
15 10
20 10
25 10
46 11
118 11
166 11
170 11
62 11
130 11
167 11
171 11
78 11
142 11
168 11
172 11
94 11
154 11
169 11
173 11
1 11
16 11
21 11
12 11
13 11
14 11
15 11
30 12
106 12
174 12
178 12
63 12
131 12
175 12
179 12
79 12
143 12
176 12
180 12
95 12
155 12
177 12
181 12
17 12
22 12
13 12
14 12
15 12
31 13
107 13
182 13
186 13
47 13
119 13
183 13
187 13
80 13
144 13
184 13
188 13
96 13
156 13
185 13
189 13
18 13
23 13
14 13
15 13
32 14
108 14
190 14
194 14
48 14
120 14
191 14
195 14
64 14
132 14
192 14
196 14
97 14
157 14
193 14
197 14
19 14
24 14
15 14
33 15
109 15
198 15
202 15
49 15
121 15
199 15
203 15
65 15
133 15
200 15
204 15
81 15
145 15
201 15
205 15
20 15
25 15
50 16
122 16
174 16
206 16
66 16
134 16
182 16
207 16
82 16
146 16
190 16
208 16
98 16
158 16
198 16
209 16
1 16
21 16
17 16
18 16
19 16
20 16
34 17
110 17
166 17
210 17
67 17
135 17
183 17
211 17
83 17
147 17
191 17
212 17
99 17
159 17
199 17
213 17
22 17
18 17
19 17
20 17
35 18
111 18
167 18
214 18
51 18
123 18
175 18
215 18
84 18
148 18
192 18
216 18
100 18
160 18
200 18
217 18
23 18
19 18
20 18
36 19
112 19
168 19
218 19
52 19
124 19
176 19
219 19
68 19
136 19
184 19
220 19
101 19
161 19
201 19
221 19
24 19
20 19
37 20
113 20
169 20
222 20
53 20
125 20
177 20
223 20
69 20
137 20
185 20
224 20
85 20
149 20
193 20
225 20
25 20
54 21
126 21
178 21
210 21
70 21
138 21
186 21
214 21
86 21
150 21
194 21
218 21
102 21
162 21
202 21
222 21
1 21
22 21
23 21
24 21
25 21
38 22
114 22
170 22
206 22
71 22
139 22
187 22
215 22
87 22
151 22
195 22
219 22
103 22
163 22
203 22
223 22
23 22
24 22
25 22
39 23
115 23
171 23
207 23
55 23
127 23
179 23
211 23
88 23
152 23
196 23
220 23
104 23
164 23
204 23
224 23
24 23
25 23
40 24
116 24
172 24
208 24
56 24
128 24
180 24
212 24
72 24
140 24
188 24
216 24
105 24
165 24
205 24
225 24
25 24
41 25
117 25
173 25
209 25
57 25
129 25
181 25
213 25
73 25
141 25
189 25
217 25
89 25
153 25
197 25
221 25
1 26
30 26
34 26
38 26
118 26
122 26
126 26
27 26
28 26
29 26
59 26
75 26
91 26
1 27
31 27
35 27
39 27
130 27
134 27
138 27
28 27
29 27
43 27
76 27
92 27
1 28
32 28
36 28
40 28
142 28
146 28
150 28
29 28
44 28
60 28
93 28
1 29
33 29
37 29
41 29
154 29
158 29
162 29
45 29
61 29
77 29
1 30
34 30
38 30
106 30
174 30
178 30
31 30
32 30
33 30
63 30
79 30
95 30
1 31
35 31
39 31
107 31
182 31
186 31
32 31
33 31
47 31
80 31
96 31
1 32
36 32
40 32
108 32
190 32
194 32
33 32
48 32
64 32
97 32
1 33
37 33
41 33
109 33
198 33
202 33
49 33
65 33
81 33
1 34
38 34
110 34
166 34
210 34
35 34
36 34
37 34
67 34
83 34
99 34
1 35
39 35
111 35
167 35
214 35
36 35
37 35
51 35
84 35
100 35
1 36
40 36
112 36
168 36
218 36
37 36
52 36
68 36
101 36
1 37
41 37
113 37
169 37
222 37
53 37
69 37
85 37
1 38
114 38
170 38
206 38
39 38
40 38
41 38
71 38
87 38
103 38
1 39
115 39
171 39
207 39
40 39
41 39
55 39
88 39
104 39
1 40
116 40
172 40
208 40
41 40
56 40
72 40
105 40
1 41
117 41
173 41
209 41
57 41
73 41
89 41
46 42
50 42
54 42
106 42
110 42
114 42
43 42
44 42
45 42
58 42
74 42
90 42
47 43
51 43
55 43
131 43
135 43
139 43
44 43
45 43
76 43
92 43
48 44
52 44
56 44
143 44
147 44
151 44
45 44
60 44
93 44
49 45
53 45
57 45
155 45
159 45
163 45
61 45
77 45
50 46
54 46
118 46
166 46
170 46
47 46
48 46
49 46
62 46
78 46
94 46
51 47
55 47
119 47
183 47
187 47
48 47
49 47
80 47
96 47
52 48
56 48
120 48
191 48
195 48
49 48
64 48
97 48
53 49
57 49
121 49
199 49
203 49
65 49
81 49
54 50
122 50
174 50
206 50
51 50
52 50
53 50
66 50
82 50
98 50
55 51
123 51
175 51
215 51
52 51
53 51
84 51
100 51
56 52
124 52
176 52
219 52
53 52
68 52
101 52
57 53
125 53
177 53
223 53
69 53
85 53
126 54
178 54
210 54
55 54
56 54
57 54
70 54
86 54
102 54
127 55
179 55
211 55
56 55
57 55
88 55
104 55
128 56
180 56
212 56
57 56
72 56
105 56
129 57
181 57
213 57
73 57
89 57
62 58
66 58
70 58
107 58
111 58
115 58
59 58
60 58
61 58
74 58
90 58
63 59
67 59
71 59
119 59
123 59
127 59
60 59
61 59
75 59
91 59
64 60
68 60
72 60
144 60
148 60
152 60
61 60
93 60
65 61
69 61
73 61
156 61
160 61
164 61
77 61
66 62
70 62
130 62
167 62
171 62
63 62
64 62
65 62
78 62
94 62
67 63
71 63
131 63
175 63
179 63
64 63
65 63
79 63
95 63
68 64
72 64
132 64
192 64
196 64
65 64
97 64
69 65
73 65
133 65
200 65
204 65
81 65
70 66
134 66
182 66
207 66
67 66
68 66
69 66
82 66
98 66
71 67
135 67
183 67
211 67
68 67
69 67
83 67
99 67
72 68
136 68
184 68
220 68
69 68
101 68
73 69
137 69
185 69
224 69
85 69
138 70
186 70
214 70
71 70
72 70
73 70
86 70
102 70
139 71
187 71
215 71
72 71
73 71
87 71
103 71
140 72
188 72
216 72
73 72
105 72
141 73
189 73
217 73
89 73
78 74
82 74
86 74
108 74
112 74
116 74
75 74
76 74
77 74
90 74
79 75
83 75
87 75
120 75
124 75
128 75
76 75
77 75
91 75
80 76
84 76
88 76
132 76
136 76
140 76
77 76
92 76
81 77
85 77
89 77
157 77
161 77
165 77
82 78
86 78
142 78
168 78
172 78
79 78
80 78
81 78
94 78
83 79
87 79
143 79
176 79
180 79
80 79
81 79
95 79
84 80
88 80
144 80
184 80
188 80
81 80
96 80
85 81
89 81
145 81
201 81
205 81
86 82
146 82
190 82
208 82
83 82
84 82
85 82
98 82
87 83
147 83
191 83
212 83
84 83
85 83
99 83
88 84
148 84
192 84
216 84
85 84
100 84
89 85
149 85
193 85
225 85
150 86
194 86
218 86
87 86
88 86
89 86
102 86
151 87
195 87
219 87
88 87
89 87
103 87
152 88
196 88
220 88
89 88
104 88
153 89
197 89
221 89
94 90
98 90
102 90
109 90
113 90
117 90
91 90
92 90
93 90
95 91
99 91
103 91
121 91
125 91
129 91
92 91
93 91
96 92
100 92
104 92
133 92
137 92
141 92
93 92
97 93
101 93
105 93
145 93
149 93
153 93
98 94
102 94
154 94
169 94
173 94
95 94
96 94
97 94
99 95
103 95
155 95
177 95
181 95
96 95
97 95
100 96
104 96
156 96
185 96
189 96
97 96
101 97
105 97
157 97
193 97
197 97
102 98
158 98
198 98
209 98
99 98
100 98
101 98
103 99
159 99
199 99
213 99
100 99
101 99
104 100
160 100
200 100
217 100
101 100
105 101
161 101
201 101
221 101
162 102
202 102
222 102
103 102
104 102
105 102
163 103
203 103
223 103
104 103
105 103
164 104
204 104
224 104
105 104
165 105
205 105
225 105
110 106
114 106
174 106
178 106
107 106
108 106
109 106
131 106
143 106
155 106
111 107
115 107
182 107
186 107
108 107
109 107
119 107
144 107
156 107
112 108
116 108
190 108
194 108
109 108
120 108
132 108
157 108
113 109
117 109
198 109
202 109
121 109
133 109
145 109
114 110
166 110
210 110
111 110
112 110
113 110
135 110
147 110
159 110
115 111
167 111
214 111
112 111
113 111
123 111
148 111
160 111
116 112
168 112
218 112
113 112
124 112
136 112
161 112
117 113
169 113
222 113
125 113
137 113
149 113
170 114
206 114
115 114
116 114
117 114
139 114
151 114
163 114
171 115
207 115
116 115
117 115
127 115
152 115
164 115
172 116
208 116
117 116
128 116
140 116
165 116
173 117
209 117
129 117
141 117
153 117
122 118
126 118
166 118
170 118
119 118
120 118
121 118
130 118
142 118
154 118
123 119
127 119
183 119
187 119
120 119
121 119
144 119
156 119
124 120
128 120
191 120
195 120
121 120
132 120
157 120
125 121
129 121
199 121
203 121
133 121
145 121
126 122
174 122
206 122
123 122
124 122
125 122
134 122
146 122
158 122
127 123
175 123
215 123
124 123
125 123
148 123
160 123
128 124
176 124
219 124
125 124
136 124
161 124
129 125
177 125
223 125
137 125
149 125
178 126
210 126
127 126
128 126
129 126
138 126
150 126
162 126
179 127
211 127
128 127
129 127
152 127
164 127
180 128
212 128
129 128
140 128
165 128
181 129
213 129
141 129
153 129
134 130
138 130
167 130
171 130
131 130
132 130
133 130
142 130
154 130
135 131
139 131
175 131
179 131
132 131
133 131
143 131
155 131
136 132
140 132
192 132
196 132
133 132
157 132
137 133
141 133
200 133
204 133
145 133
138 134
182 134
207 134
135 134
136 134
137 134
146 134
158 134
139 135
183 135
211 135
136 135
137 135
147 135
159 135
140 136
184 136
220 136
137 136
161 136
141 137
185 137
224 137
149 137
186 138
214 138
139 138
140 138
141 138
150 138
162 138
187 139
215 139
140 139
141 139
151 139
163 139
188 140
216 140
141 140
165 140
189 141
217 141
153 141
146 142
150 142
168 142
172 142
143 142
144 142
145 142
154 142
147 143
151 143
176 143
180 143
144 143
145 143
155 143
148 144
152 144
184 144
188 144
145 144
156 144
149 145
153 145
201 145
205 145
150 146
190 146
208 146
147 146
148 146
149 146
158 146
151 147
191 147
212 147
148 147
149 147
159 147
152 148
192 148
216 148
149 148
160 148
153 149
193 149
225 149
194 150
218 150
151 150
152 150
153 150
162 150
195 151
219 151
152 151
153 151
163 151
196 152
220 152
153 152
164 152
197 153
221 153
158 154
162 154
169 154
173 154
155 154
156 154
157 154
159 155
163 155
177 155
181 155
156 155
157 155
160 156
164 156
185 156
189 156
157 156
161 157
165 157
193 157
197 157
162 158
198 158
209 158
159 158
160 158
161 158
163 159
199 159
213 159
160 159
161 159
164 160
200 160
217 160
161 160
165 161
201 161
221 161
202 162
222 162
163 162
164 162
165 162
203 163
223 163
164 163
165 163
204 164
224 164
165 164
205 165
225 165
170 166
210 166
167 166
168 166
169 166
183 166
191 166
199 166
171 167
214 167
168 167
169 167
175 167
192 167
200 167
172 168
218 168
169 168
176 168
184 168
201 168
173 169
222 169
177 169
185 169
193 169
206 170
171 170
172 170
173 170
187 170
195 170
203 170
207 171
172 171
173 171
179 171
196 171
204 171
208 172
173 172
180 172
188 172
205 172
209 173
181 173
189 173
197 173
178 174
206 174
175 174
176 174
177 174
182 174
190 174
198 174
179 175
215 175
176 175
177 175
192 175
200 175
180 176
219 176
177 176
184 176
201 176
181 177
223 177
185 177
193 177
210 178
179 178
180 178
181 178
186 178
194 178
202 178
211 179
180 179
181 179
196 179
204 179
212 180
181 180
188 180
205 180
213 181
189 181
197 181
186 182
207 182
183 182
184 182
185 182
190 182
198 182
187 183
211 183
184 183
185 183
191 183
199 183
188 184
220 184
185 184
201 184
189 185
224 185
193 185
214 186
187 186
188 186
189 186
194 186
202 186
215 187
188 187
189 187
195 187
203 187
216 188
189 188
205 188
217 189
197 189
194 190
208 190
191 190
192 190
193 190
198 190
195 191
212 191
192 191
193 191
199 191
196 192
216 192
193 192
200 192
197 193
225 193
218 194
195 194
196 194
197 194
202 194
219 195
196 195
197 195
203 195
220 196
197 196
204 196
221 197
202 198
209 198
199 198
200 198
201 198
203 199
213 199
200 199
201 199
204 200
217 200
201 200
205 201
221 201
222 202
203 202
204 202
205 202
223 203
204 203
205 203
224 204
205 204
225 205
207 206
208 206
209 206
215 206
219 206
223 206
208 207
209 207
211 207
220 207
224 207
209 208
212 208
216 208
225 208
213 209
217 209
221 209
211 210
212 210
213 210
214 210
218 210
222 210
212 211
213 211
220 211
224 211
213 212
216 212
225 212
217 213
221 213
215 214
216 214
217 214
218 214
222 214
216 215
217 215
219 215
223 215
217 216
225 216
221 217
219 218
220 218
221 218
222 218
220 219
221 219
223 219
221 220
224 220
223 222
224 222
225 222
224 223
225 223
225 224
