8717
170 2
159 3
167 3
168 3
172 3
179 3
180 3
186 3
187 3
188 3
189 3
192 3
193 3
194 3
196 3
215 4
186 5
187 5
188 5
189 5
192 5
193 5
194 5
196 5
253 5
254 5
255 5
257 5
253 6
254 6
255 6
257 6
192 7
193 7
194 7
196 7
240 8
256 8
159 9
172 9
179 9
180 9
182 9
203 10
204 10
216 10
217 10
219 11
245 11
246 11
247 11
191 12
183 13
167 14
168 14
173 14
167 15
168 15
163 16
166 16
210 17
161 18
244 18
203 19
204 19
205 19
206 19
207 19
209 19
212 19
213 19
214 19
203 20
204 20
205 20
206 20
207 20
209 20
212 20
213 20
214 20
216 21
217 21
218 21
220 21
221 21
223 21
224 21
225 21
226 21
216 22
217 22
218 22
220 22
221 22
223 22
224 22
225 22
226 22
144 23
146 23
147 23
148 24
149 24
151 24
152 24
153 24
154 24
155 24
156 24
157 24
148 25
149 25
151 25
152 25
153 25
154 25
155 25
156 25
157 25
148 26
149 26
151 26
152 26
153 26
154 26
155 26
156 26
157 26
174 27
175 27
176 27
177 27
174 28
175 28
176 28
177 28
235 29
236 29
237 29
238 29
239 29
178 30
243 30
190 31
179 32
248 33
208 34
222 35
145 36
150 37
158 38
197 38
200 38
206 38
220 38
319 38
323 38
283 39
292 39
313 39
314 39
351 39
311 40
292 41
293 41
294 41
295 41
292 42
293 42
294 42
295 42
280 43
281 43
283 43
284 43
285 43
286 43
287 43
288 43
289 43
265 44
266 44
267 44
268 44
271 44
272 44
273 44
274 44
275 44
276 44
277 44
278 44
279 44
265 45
266 45
267 45
268 45
271 45
273 45
274 45
275 45
276 45
277 45
278 45
279 45
265 46
266 46
267 46
268 46
271 46
272 46
273 46
274 46
275 46
276 46
277 46
278 46
279 46
306 47
327 47
328 47
331 47
333 47
337 47
306 48
327 48
328 48
331 48
333 48
337 48
338 48
306 49
327 49
328 49
331 49
333 49
337 49
338 49
342 50
343 50
344 50
346 50
347 50
342 51
343 51
344 51
346 51
347 51
348 51
342 52
343 52
344 52
346 52
347 52
315 53
316 53
313 54
314 54
315 54
316 54
298 55
299 55
300 55
301 55
290 56
291 56
296 56
297 56
313 57
314 57
315 57
316 57
353 57
354 57
355 57
356 57
332 58
345 59
270 60
269 61
377 62
381 63
369 64
373 65
396 66
401 67
386 68
391 69
496 70
497 70
498 70
499 70
507 70
508 70
509 70
510 70
511 70
512 70
513 70
514 70
515 70
516 70
517 70
518 70
519 70
520 70
521 70
522 70
523 70
524 70
525 70
526 70
527 70
528 70
539 70
544 70
545 70
546 70
547 70
561 70
562 70
563 70
564 70
565 70
597 70
496 71
497 71
507 71
508 71
509 71
510 71
511 71
512 71
513 71
514 71
515 71
516 71
517 71
518 71
519 71
520 71
521 71
522 71
523 71
524 71
525 71
526 71
527 71
528 71
568 71
597 71
489 72
496 72
497 72
499 72
507 72
508 72
509 72
510 72
511 72
512 72
513 72
514 72
515 72
516 72
517 72
518 72
519 72
520 72
521 72
522 72
523 72
524 72
525 72
526 72
527 72
528 72
541 72
544 72
545 72
546 72
547 72
561 72
562 72
563 72
564 72
565 72
568 72
597 72
485 73
496 73
497 73
507 73
508 73
509 73
510 73
511 73
512 73
513 73
514 73
515 73
516 73
517 73
518 73
519 73
520 73
521 73
522 73
523 73
524 73
525 73
526 73
527 73
528 73
549 73
566 73
570 73
571 73
597 73
485 74
487 74
496 74
497 74
499 74
507 74
508 74
509 74
510 74
511 74
512 74
513 74
514 74
515 74
516 74
517 74
518 74
519 74
520 74
521 74
522 74
523 74
524 74
525 74
526 74
527 74
528 74
544 74
545 74
546 74
547 74
549 74
552 74
561 74
562 74
563 74
564 74
565 74
566 74
580 74
597 74
488 75
490 75
496 75
497 75
499 75
507 75
508 75
509 75
510 75
511 75
512 75
513 75
514 75
515 75
516 75
517 75
518 75
519 75
520 75
521 75
522 75
523 75
524 75
525 75
526 75
527 75
528 75
544 75
545 75
546 75
547 75
556 75
561 75
562 75
563 75
564 75
565 75
584 75
597 75
486 76
537 76
561 76
562 76
563 76
564 76
565 76
566 76
567 76
568 76
569 76
570 76
571 76
572 76
573 76
574 76
575 76
576 76
577 76
579 76
580 76
582 76
584 76
587 76
486 77
537 77
561 77
562 77
563 77
564 77
565 77
566 77
568 77
569 77
570 77
571 77
572 77
573 77
574 77
575 77
576 77
577 77
579 77
580 77
582 77
584 77
586 77
587 77
486 78
537 78
561 78
562 78
563 78
564 78
565 78
566 78
568 78
569 78
570 78
571 78
572 78
573 78
574 78
575 78
576 78
577 78
579 78
580 78
582 78
584 78
585 78
586 78
587 78
486 79
537 79
561 79
562 79
563 79
564 79
565 79
566 79
568 79
569 79
570 79
571 79
572 79
573 79
574 79
575 79
576 79
577 79
579 79
580 79
582 79
584 79
585 79
586 79
587 79
486 80
537 80
561 80
562 80
563 80
564 80
565 80
566 80
568 80
569 80
570 80
571 80
572 80
573 80
574 80
575 80
576 80
577 80
579 80
580 80
582 80
583 80
584 80
586 80
587 80
486 81
537 81
561 81
562 81
563 81
564 81
565 81
566 81
568 81
569 81
570 81
571 81
572 81
573 81
574 81
575 81
576 81
577 81
579 81
580 81
582 81
583 81
584 81
586 81
587 81
486 82
537 82
561 82
562 82
563 82
564 82
565 82
566 82
568 82
569 82
570 82
571 82
572 82
573 82
574 82
575 82
576 82
577 82
579 82
580 82
582 82
583 82
584 82
586 82
587 82
502 83
503 83
530 83
531 83
534 83
535 83
577 83
505 84
506 84
536 84
538 84
502 85
503 85
505 86
506 86
536 86
538 86
485 87
501 88
578 88
484 89
499 90
569 90
491 91
499 91
572 91
492 92
493 92
499 92
573 92
494 93
499 93
574 93
493 94
494 94
499 94
544 94
545 94
546 94
547 94
561 94
562 94
563 94
564 94
565 94
579 94
588 94
499 95
588 95
499 96
503 96
533 96
588 96
499 97
531 97
588 97
499 98
502 98
509 98
510 98
513 98
514 98
517 98
518 98
521 98
522 98
523 98
525 98
527 98
499 99
507 99
508 99
509 99
510 99
511 99
512 99
513 99
514 99
515 99
516 99
517 99
518 99
519 99
520 99
521 99
522 99
523 99
524 99
525 99
526 99
527 99
528 99
496 100
499 100
536 100
599 100
496 101
497 101
576 101
496 102
497 102
530 102
532 102
496 103
511 103
512 103
513 103
514 103
519 103
520 103
521 103
522 103
523 103
524 103
525 103
526 103
527 103
528 103
498 104
515 104
516 104
517 104
518 104
519 104
520 104
521 104
522 104
527 104
528 104
495 105
496 105
497 106
498 106
590 106
497 107
507 107
508 107
509 107
510 107
511 107
512 107
513 107
514 107
515 107
516 107
517 107
518 107
519 107
520 107
521 107
522 107
523 107
524 107
525 107
526 107
527 107
528 107
551 107
582 107
497 108
507 108
508 108
509 108
510 108
511 108
512 108
513 108
514 108
515 108
516 108
517 108
518 108
519 108
520 108
521 108
522 108
523 108
524 108
525 108
526 108
527 108
528 108
575 108
497 109
500 109
504 109
505 109
507 109
508 109
509 109
510 109
511 109
512 109
513 109
514 109
515 109
516 109
517 109
518 109
519 109
520 109
521 109
522 109
523 109
524 109
525 109
526 109
527 109
528 109
532 109
534 109
540 109
578 109
497 110
506 110
507 110
508 110
509 110
510 110
511 110
512 110
513 110
514 110
515 110
516 110
517 110
518 110
519 110
520 110
521 110
522 110
523 110
524 110
525 110
526 110
527 110
528 110
591 110
597 110
537 111
575 111
577 111
587 112
597 112
498 113
538 113
597 113
598 113
499 114
544 115
545 115
546 115
547 115
561 115
562 115
563 115
564 115
565 115
530 116
532 116
534 116
496 117
497 117
498 117
485 118
549 118
566 118
505 119
506 119
536 119
538 119
541 120
550 121
554 121
558 121
550 122
558 122
544 123
545 123
546 123
547 123
549 123
550 123
551 123
552 123
556 123
544 124
545 124
546 124
547 124
549 124
550 124
551 124
552 124
556 124
544 125
545 125
546 125
547 125
549 125
551 125
552 125
556 125
559 125
544 126
545 126
546 126
547 126
549 126
551 126
552 126
556 126
558 126
559 126
544 127
545 127
546 127
547 127
549 127
551 127
552 127
556 127
558 127
559 127
544 128
545 128
546 128
547 128
549 128
551 128
552 128
556 128
558 128
559 128
544 129
545 129
546 129
547 129
549 129
551 129
552 129
554 129
556 129
559 129
544 130
545 130
546 130
547 130
549 130
551 130
552 130
554 130
556 130
559 130
544 131
545 131
546 131
547 131
549 131
551 131
552 131
554 131
556 131
559 131
567 132
583 132
585 132
567 133
585 133
486 134
537 134
561 134
562 134
563 134
564 134
565 134
566 134
568 134
569 134
570 134
571 134
572 134
573 134
574 134
575 134
576 134
577 134
579 134
580 134
582 134
584 134
585 134
586 134
587 134
550 135
550 136
551 136
540 137
591 137
598 137
599 137
544 138
545 138
546 138
547 138
549 138
551 138
552 138
556 138
558 138
559 138
544 139
545 139
546 139
547 139
549 139
551 139
552 139
554 139
556 139
559 139
535 140
578 140
553 141
581 142
483 143
149 144
186 144
187 144
188 144
189 144
146 144
147 144
145 144
261 144
146 145
147 145
261 145
153 146
192 146
193 146
194 146
196 146
147 146
261 146
157 147
253 147
254 147
255 147
257 147
261 147
174 148
186 148
187 148
188 148
189 148
149 148
151 148
152 148
153 148
154 148
155 148
156 148
157 148
150 148
262 148
186 149
187 149
188 149
189 149
151 149
152 149
153 149
154 149
155 149
156 149
157 149
150 149
262 149
151 150
152 150
153 150
154 150
155 150
156 150
157 150
262 150
167 151
168 151
173 151
230 151
236 151
152 151
153 151
154 151
155 151
156 151
157 151
262 151
175 152
192 152
193 152
194 152
196 152
153 152
154 152
155 152
156 152
157 152
262 152
192 153
193 153
194 153
196 153
154 153
155 153
156 153
157 153
262 153
203 154
204 154
216 154
217 154
155 154
156 154
157 154
262 154
159 155
172 155
176 155
180 155
156 155
157 155
262 155
177 156
253 156
254 156
255 156
257 156
157 156
262 156
253 157
254 157
255 157
257 157
262 157
179 158
185 158
187 158
190 158
193 158
195 158
198 158
203 158
204 158
205 158
206 158
207 158
209 158
212 158
213 158
214 158
216 158
217 158
218 158
220 158
221 158
223 158
224 158
225 158
226 158
254 158
197 158
200 158
319 158
323 158
1 159
178 159
180 159
182 159
186 159
187 159
188 159
189 159
192 159
193 159
194 159
196 159
203 159
204 159
216 159
217 159
240 159
243 159
253 159
254 159
255 159
256 159
257 159
167 159
168 159
173 159
207 159
221 159
162 159
164 159
170 159
172 159
181 159
183 159
191 159
198 159
219 159
231 159
241 159
245 159
246 159
247 159
179 159
176 159
242 159
169 159
163 159
166 159
202 159
180 160
253 160
254 160
255 160
257 160
161 160
171 160
178 160
210 160
211 160
215 160
232 160
237 160
242 160
243 160
244 160
252 160
228 160
256 160
350 160
219 161
245 161
246 161
247 161
244 161
171 161
178 161
210 161
211 161
215 161
232 161
237 161
242 161
243 161
252 161
165 162
167 162
168 162
178 162
184 162
197 162
199 162
201 162
203 162
204 162
216 162
217 162
219 162
240 162
243 162
245 162
246 162
247 162
256 162
164 162
170 162
172 162
180 162
181 162
182 162
183 162
186 162
187 162
188 162
189 162
191 162
192 162
193 162
194 162
196 162
198 162
231 162
241 162
253 162
254 162
255 162
257 162
166 163
199 163
210 163
215 163
251 163
184 163
185 163
249 163
168 163
172 163
180 163
182 163
183 163
187 163
191 163
193 163
202 163
203 163
204 163
216 163
217 163
219 163
240 163
245 163
246 163
247 163
254 163
256 163
205 163
218 163
306 163
167 164
168 164
170 164
172 164
178 164
180 164
181 164
182 164
183 164
186 164
187 164
188 164
189 164
191 164
192 164
193 164
194 164
196 164
198 164
203 164
204 164
216 164
217 164
219 164
231 164
240 164
241 164
243 164
245 164
246 164
247 164
253 164
254 164
255 164
256 164
257 164
165 164
210 164
215 164
248 164
167 165
168 165
178 165
184 165
197 165
199 165
201 165
203 165
204 165
216 165
217 165
219 165
240 165
243 165
245 165
246 165
247 165
256 165
186 165
187 165
188 165
189 165
190 165
192 165
193 165
194 165
196 165
253 165
254 165
255 165
257 165
210 165
215 165
248 165
184 166
185 166
249 166
200 166
201 166
250 166
168 166
172 166
180 166
182 166
183 166
187 166
191 166
193 166
202 166
203 166
204 166
216 166
217 166
219 166
240 166
245 166
246 166
247 166
254 166
256 166
205 166
218 166
306 166
168 167
178 167
184 167
197 167
199 167
201 167
203 167
204 167
216 167
217 167
219 167
240 167
243 167
245 167
246 167
247 167
256 167
186 167
187 167
188 167
189 167
190 167
192 167
193 167
194 167
196 167
253 167
254 167
255 167
257 167
173 167
180 167
207 167
221 167
170 167
172 167
181 167
182 167
183 167
191 167
198 167
231 167
241 167
179 167
230 167
236 167
233 167
238 167
178 168
184 168
197 168
199 168
201 168
203 168
204 168
216 168
217 168
219 168
240 168
243 168
245 168
246 168
247 168
256 168
186 168
187 168
188 168
189 168
190 168
192 168
193 168
194 168
196 168
253 168
254 168
255 168
257 168
173 168
180 168
207 168
221 168
170 168
172 168
181 168
182 168
183 168
191 168
198 168
231 168
241 168
179 168
230 168
236 168
233 168
238 168
202 168
178 169
180 169
182 169
183 169
240 169
243 169
256 169
172 170
178 170
180 170
181 170
182 170
183 170
186 170
187 170
188 170
189 170
191 170
192 170
193 170
194 170
196 170
198 170
203 170
204 170
216 170
217 170
219 170
231 170
240 170
241 170
243 170
245 170
246 170
247 170
253 170
254 170
255 170
256 170
257 170
171 170
240 171
256 171
178 171
210 171
211 171
215 171
232 171
237 171
242 171
243 171
244 171
252 171
178 172
180 172
181 172
182 172
183 172
186 172
187 172
188 172
189 172
191 172
192 172
193 172
194 172
196 172
198 172
203 172
204 172
216 172
217 172
219 172
231 172
240 172
241 172
243 172
245 172
246 172
247 172
253 172
254 172
255 172
256 172
257 172
179 172
176 172
242 172
202 172
178 173
180 173
207 173
221 173
240 173
243 173
256 173
230 173
236 173
186 174
187 174
188 174
189 174
175 174
176 174
177 174
192 175
193 175
194 175
196 175
176 175
177 175
180 176
177 176
253 177
254 177
255 177
257 177
184 178
197 178
199 178
201 178
203 178
204 178
216 178
217 178
219 178
240 178
243 178
245 178
246 178
247 178
256 178
186 178
187 178
188 178
189 178
190 178
192 178
193 178
194 178
196 178
253 178
254 178
255 178
257 178
234 178
239 178
1 178
180 178
182 178
207 178
221 178
181 178
183 178
191 178
198 178
231 178
241 178
232 178
237 178
210 178
211 178
215 178
242 178
244 178
252 178
227 178
235 178
351 178
180 179
186 179
187 179
188 179
189 179
192 179
193 179
194 179
196 179
182 179
185 179
190 179
195 179
198 179
203 179
204 179
205 179
206 179
207 179
209 179
212 179
213 179
214 179
216 179
217 179
218 179
220 179
221 179
223 179
224 179
225 179
226 179
254 179
1 180
182 180
186 180
187 180
188 180
189 180
192 180
193 180
194 180
196 180
203 180
204 180
216 180
217 180
240 180
243 180
253 180
254 180
255 180
256 180
257 180
207 180
221 180
181 180
183 180
191 180
198 180
219 180
231 180
241 180
245 180
246 180
247 180
242 180
202 180
182 181
183 181
186 181
187 181
188 181
189 181
191 181
192 181
193 181
194 181
196 181
198 181
203 181
204 181
216 181
217 181
219 181
231 181
240 181
241 181
243 181
245 181
246 181
247 181
253 181
254 181
255 181
256 181
257 181
1 182
186 182
187 182
188 182
189 182
192 182
193 182
194 182
196 182
203 182
204 182
216 182
217 182
240 182
243 182
253 182
254 182
255 182
256 182
257 182
183 182
191 182
198 182
219 182
231 182
241 182
245 182
246 182
247 182
202 182
186 183
187 183
188 183
189 183
191 183
192 183
193 183
194 183
196 183
198 183
203 183
204 183
216 183
217 183
219 183
231 183
240 183
241 183
243 183
245 183
246 183
247 183
253 183
254 183
255 183
256 183
257 183
202 183
197 184
199 184
201 184
203 184
204 184
216 184
217 184
219 184
240 184
243 184
245 184
246 184
247 184
256 184
186 184
187 184
188 184
189 184
190 184
192 184
193 184
194 184
196 184
253 184
254 184
255 184
257 184
185 184
249 184
249 185
187 185
190 185
193 185
195 185
198 185
203 185
204 185
205 185
206 185
207 185
209 185
212 185
213 185
214 185
216 185
217 185
218 185
220 185
221 185
223 185
224 185
225 185
226 185
254 185
187 186
188 186
189 186
190 186
192 186
193 186
194 186
196 186
203 186
204 186
216 186
217 186
219 186
240 186
243 186
245 186
246 186
247 186
253 186
254 186
255 186
256 186
257 186
197 186
212 186
224 186
1 186
191 186
198 186
231 186
241 186
227 186
235 186
351 186
188 187
189 187
190 187
192 187
193 187
194 187
196 187
203 187
204 187
216 187
217 187
219 187
240 187
243 187
245 187
246 187
247 187
253 187
254 187
255 187
256 187
257 187
197 187
212 187
224 187
1 187
191 187
198 187
231 187
241 187
202 187
195 187
205 187
206 187
207 187
209 187
213 187
214 187
218 187
220 187
221 187
223 187
225 187
226 187
227 187
235 187
351 187
189 188
190 188
192 188
193 188
194 188
196 188
203 188
204 188
216 188
217 188
219 188
240 188
243 188
245 188
246 188
247 188
253 188
254 188
255 188
256 188
257 188
197 188
212 188
224 188
1 188
191 188
198 188
231 188
241 188
227 188
235 188
351 188
190 189
192 189
193 189
194 189
196 189
203 189
204 189
216 189
217 189
219 189
240 189
243 189
245 189
246 189
247 189
253 189
254 189
255 189
256 189
257 189
197 189
212 189
224 189
1 189
191 189
198 189
231 189
241 189
227 189
235 189
351 189
192 190
193 190
194 190
196 190
203 190
204 190
216 190
217 190
219 190
240 190
243 190
245 190
246 190
247 190
253 190
254 190
255 190
256 190
257 190
197 190
212 190
224 190
195 190
198 190
205 190
206 190
207 190
209 190
213 190
214 190
218 190
220 190
221 190
223 190
225 190
226 190
192 191
193 191
194 191
196 191
198 191
203 191
204 191
216 191
217 191
219 191
231 191
240 191
241 191
243 191
245 191
246 191
247 191
253 191
254 191
255 191
256 191
257 191
202 191
193 192
194 192
196 192
203 192
204 192
216 192
217 192
219 192
240 192
243 192
245 192
246 192
247 192
253 192
254 192
255 192
256 192
257 192
197 192
212 192
224 192
1 192
198 192
231 192
241 192
227 192
235 192
351 192
194 193
196 193
203 193
204 193
216 193
217 193
219 193
240 193
243 193
245 193
246 193
247 193
253 193
254 193
255 193
256 193
257 193
197 193
212 193
224 193
1 193
198 193
231 193
241 193
202 193
195 193
205 193
206 193
207 193
209 193
213 193
214 193
218 193
220 193
221 193
223 193
225 193
226 193
227 193
235 193
351 193
196 194
203 194
204 194
216 194
217 194
219 194
240 194
243 194
245 194
246 194
247 194
253 194
254 194
255 194
256 194
257 194
197 194
212 194
224 194
1 194
198 194
231 194
241 194
227 194
235 194
351 194
198 195
203 195
204 195
205 195
206 195
207 195
209 195
212 195
213 195
214 195
216 195
217 195
218 195
220 195
221 195
223 195
224 195
225 195
226 195
254 195
203 196
204 196
216 196
217 196
219 196
240 196
243 196
245 196
246 196
247 196
253 196
254 196
255 196
256 196
257 196
197 196
212 196
224 196
1 196
198 196
231 196
241 196
227 196
235 196
351 196
199 197
201 197
203 197
204 197
216 197
217 197
219 197
240 197
243 197
245 197
246 197
247 197
256 197
253 197
254 197
255 197
257 197
200 197
206 197
220 197
319 197
323 197
203 198
204 198
216 198
217 198
219 198
231 198
240 198
241 198
243 198
245 198
246 198
247 198
253 198
254 198
255 198
256 198
257 198
205 198
206 198
207 198
209 198
212 198
213 198
214 198
218 198
220 198
221 198
223 198
224 198
225 198
226 198
201 199
203 199
204 199
216 199
217 199
219 199
240 199
243 199
245 199
246 199
247 199
256 199
210 199
215 199
251 199
201 200
250 200
206 200
220 200
319 200
323 200
203 201
204 201
216 201
217 201
219 201
240 201
243 201
245 201
246 201
247 201
256 201
250 201
203 202
204 202
216 202
217 202
219 202
240 202
245 202
246 202
247 202
254 202
256 202
204 203
216 203
217 203
219 203
240 203
243 203
245 203
246 203
247 203
256 203
253 203
254 203
255 203
257 203
1 203
231 203
241 203
205 203
206 203
207 203
209 203
212 203
213 203
214 203
218 203
220 203
221 203
223 203
224 203
225 203
226 203
208 203
259 203
216 204
217 204
219 204
240 204
243 204
245 204
246 204
247 204
256 204
253 204
254 204
255 204
257 204
1 204
231 204
241 204
205 204
206 204
207 204
209 204
212 204
213 204
214 204
218 204
220 204
221 204
223 204
224 204
225 204
226 204
208 204
259 204
206 205
207 205
209 205
212 205
213 205
214 205
216 205
217 205
218 205
220 205
221 205
223 205
224 205
225 205
226 205
254 205
306 205
208 205
259 205
207 206
209 206
212 206
213 206
214 206
216 206
217 206
218 206
220 206
221 206
223 206
224 206
225 206
226 206
254 206
319 206
323 206
208 206
259 206
221 207
240 207
243 207
256 207
209 207
212 207
213 207
214 207
216 207
217 207
218 207
220 207
223 207
224 207
225 207
226 207
254 207
208 207
259 207
209 208
212 208
214 208
259 208
219 209
223 209
245 209
246 209
247 209
212 209
213 209
214 209
216 209
217 209
218 209
220 209
221 209
224 209
225 209
226 209
254 209
259 209
215 210
248 210
251 210
211 210
232 210
237 210
242 210
243 210
244 210
252 210
215 211
232 211
237 211
242 211
243 211
244 211
252 211
219 212
224 212
245 212
246 212
247 212
253 212
254 212
255 212
257 212
213 212
214 212
216 212
217 212
218 212
220 212
221 212
223 212
225 212
226 212
259 212
214 213
216 213
217 213
218 213
220 213
221 213
223 213
224 213
225 213
226 213
254 213
219 214
226 214
245 214
246 214
247 214
252 214
216 214
217 214
218 214
220 214
221 214
223 214
224 214
225 214
254 214
259 214
248 215
251 215
232 215
237 215
242 215
243 215
244 215
252 215
217 216
219 216
240 216
243 216
245 216
246 216
247 216
256 216
253 216
254 216
255 216
257 216
1 216
231 216
241 216
218 216
220 216
221 216
223 216
224 216
225 216
226 216
222 216
260 216
219 217
240 217
243 217
245 217
246 217
247 217
256 217
253 217
254 217
255 217
257 217
1 217
231 217
241 217
218 217
220 217
221 217
223 217
224 217
225 217
226 217
222 217
260 217
220 218
221 218
223 218
224 218
225 218
226 218
254 218
306 218
222 218
260 218
240 219
243 219
245 219
246 219
247 219
256 219
253 219
254 219
255 219
257 219
224 219
231 219
241 219
223 219
244 219
226 219
252 219
258 219
221 220
223 220
224 220
225 220
226 220
254 220
319 220
323 220
222 220
260 220
240 221
243 221
256 221
223 221
224 221
225 221
226 221
254 221
222 221
260 221
223 222
224 222
226 222
260 222
245 223
246 223
247 223
224 223
225 223
226 223
254 223
260 223
245 224
246 224
247 224
253 224
254 224
255 224
257 224
225 224
226 224
260 224
226 225
254 225
245 226
246 226
247 226
252 226
254 226
260 226
228 227
229 227
230 227
232 227
233 227
234 227
231 227
235 227
240 227
351 227
229 228
230 228
232 228
233 228
234 228
231 228
253 228
254 228
255 228
256 228
257 228
350 228
240 229
241 229
256 229
230 229
232 229
233 229
234 229
231 229
236 230
232 230
233 230
234 230
231 230
240 231
241 231
243 231
245 231
246 231
247 231
253 231
254 231
255 231
256 231
257 231
232 231
233 231
234 231
237 232
243 232
233 232
234 232
242 232
244 232
252 232
238 233
243 233
234 233
239 234
243 234
236 235
237 235
238 235
239 235
240 235
351 235
237 236
238 236
239 236
238 237
239 237
243 237
242 237
244 237
252 237
243 238
239 238
243 239
243 240
245 240
246 240
247 240
256 240
253 240
254 240
255 240
257 240
1 240
241 240
351 240
243 241
245 241
246 241
247 241
253 241
254 241
255 241
256 241
257 241
243 242
244 242
252 242
245 243
246 243
247 243
256 243
253 243
254 243
255 243
257 243
1 243
244 243
252 243
245 244
246 244
247 244
252 244
246 245
247 245
256 245
253 245
254 245
255 245
257 245
252 245
247 246
256 246
253 246
254 246
255 246
257 246
252 246
256 247
253 247
254 247
255 247
257 247
252 247
254 253
255 253
256 253
257 253
1 253
350 253
255 254
256 254
257 254
1 254
350 254
256 255
257 255
1 255
350 255
257 256
1 256
350 256
1 257
350 257
357 258
374 259
392 259
408 259
420 259
432 259
444 259
458 259
474 259
378 260
397 260
411 260
423 260
435 260
447 260
462 260
478 260
366 261
382 261
402 261
414 261
426 261
438 261
450 261
466 261
370 262
387 262
405 262
417 262
429 262
441 262
454 262
470 262
267 263
302 263
303 263
313 263
314 263
264 263
269 263
384 263
452 263
468 263
268 264
304 264
305 264
315 264
316 264
269 264
384 264
452 264
468 264
303 265
305 265
335 265
339 265
266 265
267 265
268 265
271 265
272 265
273 265
274 265
275 265
276 265
277 265
278 265
279 265
270 265
389 265
456 265
472 265
302 266
304 266
336 266
340 266
267 266
268 266
271 266
272 266
273 266
274 266
275 266
276 266
277 266
278 266
279 266
270 266
389 266
456 266
472 266
302 267
303 267
313 267
314 267
268 267
271 267
272 267
273 267
274 267
275 267
276 267
277 267
278 267
279 267
270 267
389 267
456 267
472 267
304 268
305 268
315 268
316 268
271 268
272 268
273 268
274 268
275 268
276 268
277 268
278 268
279 268
270 268
389 268
456 268
472 268
384 269
452 269
468 269
271 270
272 270
273 270
274 270
275 270
276 270
277 270
278 270
279 270
389 270
456 270
472 270
280 271
290 271
296 271
353 271
272 271
273 271
274 271
275 271
276 271
277 271
278 271
279 271
389 271
456 271
472 271
281 272
291 272
297 272
354 272
273 272
274 272
275 272
276 272
277 272
278 272
279 272
389 272
456 272
472 272
284 273
293 273
313 273
274 273
275 273
276 273
277 273
278 273
279 273
389 273
456 273
472 273
285 274
294 274
314 274
275 274
276 274
277 274
278 274
279 274
389 274
456 274
472 274
276 275
277 275
278 275
279 275
355 275
389 275
456 275
472 275
356 276
277 276
278 276
279 276
389 276
456 276
472 276
353 277
354 277
278 277
279 277
389 277
456 277
472 277
288 278
315 278
355 278
279 278
389 278
456 278
472 278
289 279
316 279
356 279
389 279
456 279
472 279
290 280
296 280
353 280
281 280
283 280
284 280
285 280
286 280
287 280
288 280
289 280
282 280
349 280
291 281
297 281
354 281
283 281
284 281
285 281
286 281
287 281
288 281
289 281
282 281
349 281
283 282
284 282
285 282
286 282
287 282
288 282
289 282
349 282
292 283
313 283
314 283
351 283
284 283
285 283
286 283
287 283
288 283
289 283
349 283
293 284
313 284
285 284
286 284
287 284
288 284
289 284
349 284
294 285
314 285
286 285
287 285
288 285
289 285
349 285
290 286
291 286
295 286
296 286
297 286
287 286
288 286
289 286
349 286
307 287
315 287
316 287
350 287
288 287
289 287
349 287
315 288
355 288
289 288
349 288
316 289
356 289
349 289
291 290
296 290
297 290
298 290
299 290
300 290
301 290
313 290
314 290
315 290
316 290
326 290
329 290
330 290
353 290
354 290
355 290
356 290
308 290
310 290
341 290
312 290
323 290
320 290
324 290
309 290
317 290
349 290
331 290
344 290
295 290
296 291
297 291
298 291
299 291
300 291
301 291
313 291
314 291
315 291
316 291
326 291
329 291
330 291
353 291
354 291
355 291
356 291
308 291
310 291
341 291
312 291
323 291
320 291
324 291
307 291
309 291
317 291
349 291
331 291
344 291
295 291
293 292
294 292
295 292
307 292
311 292
334 292
313 292
314 292
351 292
294 293
295 293
307 293
311 293
334 293
313 293
295 294
307 294
311 294
334 294
314 294
307 295
311 295
334 295
296 295
297 295
297 296
298 296
299 296
300 296
301 296
313 296
314 296
315 296
316 296
326 296
329 296
330 296
353 296
354 296
355 296
356 296
308 296
310 296
341 296
312 296
323 296
320 296
324 296
309 296
317 296
349 296
331 296
344 296
298 297
299 297
300 297
301 297
313 297
314 297
315 297
316 297
326 297
329 297
330 297
353 297
354 297
355 297
356 297
308 297
310 297
341 297
312 297
323 297
320 297
324 297
307 297
309 297
317 297
349 297
331 297
344 297
299 298
300 298
301 298
313 298
314 298
315 298
316 298
326 298
329 298
330 298
353 298
354 298
355 298
356 298
308 298
310 298
312 298
323 298
320 298
309 298
317 298
349 298
335 298
336 298
318 298
327 298
342 298
300 299
301 299
313 299
314 299
315 299
316 299
326 299
329 299
330 299
353 299
354 299
355 299
356 299
308 299
310 299
312 299
323 299
320 299
309 299
317 299
349 299
339 299
340 299
318 299
327 299
342 299
301 300
313 300
314 300
315 300
316 300
326 300
329 300
330 300
353 300
354 300
355 300
356 300
308 300
310 300
312 300
323 300
320 300
309 300
317 300
349 300
335 300
336 300
318 300
328 300
343 300
313 301
314 301
315 301
316 301
326 301
329 301
330 301
353 301
354 301
355 301
356 301
308 301
310 301
312 301
323 301
320 301
309 301
317 301
349 301
339 301
340 301
318 301
328 301
343 301
303 302
313 302
314 302
304 302
336 302
340 302
305 302
313 303
314 303
305 303
335 303
339 303
304 303
305 304
315 304
316 304
336 304
340 304
315 305
316 305
335 305
339 305
313 306
314 306
315 306
316 306
322 306
327 306
328 306
331 306
333 306
337 306
338 306
345 306
348 306
319 306
323 306
350 306
351 306
352 306
332 306
394 306
460 306
476 306
311 307
334 307
315 307
316 307
350 307
310 308
312 308
317 308
318 308
320 308
324 308
341 308
313 309
314 309
315 309
316 309
317 309
349 309
353 309
354 309
355 309
356 309
310 309
311 309
313 310
314 310
315 310
316 310
329 310
312 310
317 310
318 310
320 310
324 310
341 310
311 310
334 311
313 312
314 312
315 312
316 312
323 312
330 312
317 312
318 312
320 312
324 312
341 312
321 312
325 312
333 312
346 312
314 313
315 313
316 313
322 313
327 313
328 313
331 313
333 313
337 313
338 313
345 313
348 313
326 313
329 313
330 313
353 313
354 313
355 313
356 313
323 313
320 313
335 313
336 313
339 313
340 313
347 313
351 313
317 313
349 313
315 314
316 314
322 314
327 314
328 314
331 314
333 314
337 314
338 314
345 314
348 314
326 314
329 314
330 314
353 314
354 314
355 314
356 314
323 314
320 314
335 314
336 314
339 314
340 314
347 314
351 314
317 314
349 314
316 315
322 315
327 315
328 315
331 315
333 315
337 315
338 315
345 315
348 315
326 315
329 315
330 315
353 315
354 315
355 315
356 315
323 315
320 315
335 315
336 315
339 315
340 315
347 315
350 315
317 315
349 315
322 316
327 316
328 316
331 316
333 316
337 316
338 316
345 316
348 316
326 316
329 316
330 316
353 316
354 316
355 316
356 316
323 316
320 316
335 316
336 316
339 316
340 316
347 316
350 316
317 316
349 316
349 317
353 317
354 317
355 317
356 317
318 317
320 317
324 317
341 317
353 318
354 318
355 318
356 318
320 318
324 318
341 318
323 319
320 319
321 319
350 319
351 319
352 319
324 320
341 320
321 320
325 321
333 321
346 321
327 322
328 322
331 322
333 322
337 322
338 322
345 322
348 322
330 323
350 323
351 323
352 323
341 324
325 324
330 324
333 325
346 325
330 325
329 326
330 326
353 326
354 326
355 326
356 326
328 327
331 327
333 327
337 327
338 327
345 327
348 327
342 327
332 327
394 327
460 327
476 327
331 328
333 328
337 328
338 328
345 328
348 328
343 328
332 328
394 328
460 328
476 328
330 329
353 329
354 329
355 329
356 329
331 329
344 329
341 329
353 330
354 330
355 330
356 330
331 330
344 330
333 331
337 331
338 331
345 331
348 331
344 331
332 331
394 331
460 331
476 331
333 332
337 332
394 332
460 332
476 332
337 333
338 333
345 333
348 333
346 333
394 333
460 333
476 333
336 335
337 335
339 335
340 335
347 335
353 335
354 335
355 335
356 335
337 336
339 336
340 336
347 336
353 336
354 336
355 336
356 336
338 337
345 337
348 337
339 337
340 337
347 337
353 337
354 337
355 337
356 337
394 337
460 337
476 337
345 338
348 338
340 339
347 339
353 339
354 339
355 339
356 339
347 340
353 340
354 340
355 340
356 340
343 342
344 342
346 342
347 342
348 342
345 342
399 342
464 342
480 342
344 343
346 343
347 343
348 343
345 343
399 343
464 343
480 343
346 344
347 344
348 344
345 344
399 344
464 344
480 344
348 345
346 345
347 345
399 345
464 345
480 345
347 346
348 346
399 346
464 346
480 346
353 347
354 347
355 347
356 347
348 347
399 347
464 347
480 347
353 349
354 349
355 349
356 349
351 350
352 350
352 351
354 353
355 353
356 353
355 354
356 354
356 355
491 357
492 357
589 357
360 358
374 358
375 358
376 358
377 358
361 359
381 359
412 359
424 359
436 359
448 359
378 359
379 359
380 359
374 360
375 360
376 360
377 360
381 361
412 361
424 361
436 361
448 361
378 361
379 361
380 361
364 362
392 362
393 362
394 362
395 362
396 362
459 362
475 362
365 363
397 363
398 363
399 363
400 363
401 363
463 363
479 363
392 364
393 364
394 364
395 364
396 364
459 364
475 364
397 365
398 365
399 365
400 365
401 365
463 365
479 365
382 366
402 366
414 366
426 366
438 366
450 366
466 366
367 366
368 366
369 366
368 367
369 367
369 368
385 368
404 368
416 368
428 368
440 368
453 368
469 368
483 368
533 368
592 368
403 369
415 369
427 369
439 369
387 370
405 370
417 370
429 370
441 370
454 370
470 370
371 370
372 370
373 370
372 371
373 371
373 372
390 372
407 372
419 372
431 372
443 372
457 372
473 372
484 372
502 372
503 372
530 372
531 372
534 372
535 372
577 372
593 372
406 373
418 373
430 373
442 373
392 374
408 374
420 374
432 374
444 374
458 374
474 374
375 374
376 374
377 374
376 375
377 375
377 376
395 376
410 376
422 376
434 376
446 376
461 376
477 376
550 376
553 376
595 376
409 377
421 377
433 377
445 377
397 378
411 378
423 378
435 378
447 378
462 378
478 378
379 378
380 378
381 378
380 379
381 379
381 380
400 380
413 380
425 380
437 380
449 380
465 380
481 380
567 380
581 380
596 380
412 381
424 381
436 381
448 381
402 382
414 382
426 382
438 382
450 382
466 382
383 382
384 382
385 382
386 382
384 383
385 383
386 383
452 384
468 384
385 384
386 384
386 385
404 385
416 385
428 385
440 385
453 385
469 385
483 385
533 385
592 385
451 386
467 386
405 387
417 387
429 387
441 387
454 387
470 387
388 387
389 387
390 387
391 387
389 388
390 388
391 388
456 389
472 389
390 389
391 389
391 390
407 390
419 390
431 390
443 390
457 390
473 390
484 390
502 390
503 390
530 390
531 390
534 390
535 390
577 390
593 390
455 391
471 391
408 392
420 392
432 392
444 392
458 392
474 392
393 392
394 392
395 392
396 392
394 393
395 393
396 393
460 394
476 394
395 394
396 394
396 395
410 395
422 395
434 395
446 395
461 395
477 395
550 395
553 395
595 395
459 396
475 396
411 397
423 397
435 397
447 397
462 397
478 397
398 397
399 397
400 397
401 397
399 398
400 398
401 398
464 399
480 399
400 399
401 399
401 400
413 400
425 400
437 400
449 400
465 400
481 400
567 400
581 400
596 400
463 401
479 401
414 402
426 402
438 402
450 402
466 402
404 402
405 402
407 402
408 402
410 402
411 402
413 402
416 402
417 402
419 402
420 402
422 402
423 402
425 402
428 402
429 402
431 402
432 402
434 402
435 402
437 402
440 402
441 402
443 402
444 402
446 402
447 402
449 402
452 402
453 402
454 402
456 402
457 402
458 402
460 402
461 402
462 402
464 402
465 402
468 402
469 402
470 402
472 402
473 402
474 402
476 402
477 402
478 402
480 402
481 402
482 402
403 402
404 403
415 403
427 403
439 403
405 404
407 404
408 404
410 404
411 404
413 404
414 404
416 404
417 404
419 404
420 404
422 404
423 404
425 404
426 404
428 404
429 404
431 404
432 404
434 404
435 404
437 404
438 404
440 404
441 404
443 404
444 404
446 404
447 404
449 404
450 404
452 404
453 404
454 404
456 404
457 404
458 404
460 404
461 404
462 404
464 404
465 404
466 404
468 404
469 404
470 404
472 404
473 404
474 404
476 404
477 404
478 404
480 404
481 404
482 404
483 404
533 404
592 404
417 405
429 405
441 405
454 405
470 405
407 405
408 405
410 405
411 405
413 405
414 405
416 405
419 405
420 405
422 405
423 405
425 405
426 405
428 405
431 405
432 405
434 405
435 405
437 405
438 405
440 405
443 405
444 405
446 405
447 405
449 405
450 405
452 405
453 405
456 405
457 405
458 405
460 405
461 405
462 405
464 405
465 405
466 405
468 405
469 405
472 405
473 405
474 405
476 405
477 405
478 405
480 405
481 405
482 405
406 405
407 406
418 406
430 406
442 406
408 407
410 407
411 407
413 407
414 407
416 407
417 407
419 407
420 407
422 407
423 407
425 407
426 407
428 407
429 407
431 407
432 407
434 407
435 407
437 407
438 407
440 407
441 407
443 407
444 407
446 407
447 407
449 407
450 407
452 407
453 407
454 407
456 407
457 407
458 407
460 407
461 407
462 407
464 407
465 407
466 407
468 407
469 407
470 407
472 407
473 407
474 407
476 407
477 407
478 407
480 407
481 407
482 407
484 407
502 407
503 407
530 407
531 407
534 407
535 407
577 407
593 407
420 408
432 408
444 408
458 408
474 408
410 408
411 408
413 408
414 408
416 408
417 408
419 408
422 408
423 408
425 408
426 408
428 408
429 408
431 408
434 408
435 408
437 408
438 408
440 408
441 408
443 408
446 408
447 408
449 408
450 408
452 408
453 408
454 408
456 408
457 408
460 408
461 408
462 408
464 408
465 408
466 408
468 408
469 408
470 408
472 408
473 408
476 408
477 408
478 408
480 408
481 408
482 408
409 408
410 409
421 409
433 409
445 409
411 410
413 410
414 410
416 410
417 410
419 410
420 410
422 410
423 410
425 410
426 410
428 410
429 410
431 410
432 410
434 410
435 410
437 410
438 410
440 410
441 410
443 410
444 410
446 410
447 410
449 410
450 410
452 410
453 410
454 410
456 410
457 410
458 410
460 410
461 410
462 410
464 410
465 410
466 410
468 410
469 410
470 410
472 410
473 410
474 410
476 410
477 410
478 410
480 410
481 410
482 410
550 410
553 410
595 410
423 411
435 411
447 411
462 411
478 411
413 411
414 411
416 411
417 411
419 411
420 411
422 411
425 411
426 411
428 411
429 411
431 411
432 411
434 411
437 411
438 411
440 411
441 411
443 411
444 411
446 411
449 411
450 411
452 411
453 411
454 411
456 411
457 411
458 411
460 411
461 411
464 411
465 411
466 411
468 411
469 411
470 411
472 411
473 411
474 411
476 411
477 411
480 411
481 411
482 411
412 411
413 412
424 412
436 412
448 412
414 413
416 413
417 413
419 413
420 413
422 413
423 413
425 413
426 413
428 413
429 413
431 413
432 413
434 413
435 413
437 413
438 413
440 413
441 413
443 413
444 413
446 413
447 413
449 413
450 413
452 413
453 413
454 413
456 413
457 413
458 413
460 413
461 413
462 413
464 413
465 413
466 413
468 413
469 413
470 413
472 413
473 413
474 413
476 413
477 413
478 413
480 413
481 413
482 413
567 413
581 413
596 413
426 414
438 414
450 414
466 414
416 414
417 414
419 414
420 414
422 414
423 414
425 414
428 414
429 414
431 414
432 414
434 414
435 414
437 414
440 414
441 414
443 414
444 414
446 414
447 414
449 414
452 414
453 414
454 414
456 414
457 414
458 414
460 414
461 414
462 414
464 414
465 414
468 414
469 414
470 414
472 414
473 414
474 414
476 414
477 414
478 414
480 414
481 414
482 414
415 414
427 415
439 415
416 415
417 416
419 416
420 416
422 416
423 416
425 416
426 416
428 416
429 416
431 416
432 416
434 416
435 416
437 416
438 416
440 416
441 416
443 416
444 416
446 416
447 416
449 416
450 416
452 416
453 416
454 416
456 416
457 416
458 416
460 416
461 416
462 416
464 416
465 416
466 416
468 416
469 416
470 416
472 416
473 416
474 416
476 416
477 416
478 416
480 416
481 416
482 416
483 416
533 416
592 416
429 417
441 417
454 417
470 417
419 417
420 417
422 417
423 417
425 417
426 417
428 417
431 417
432 417
434 417
435 417
437 417
438 417
440 417
443 417
444 417
446 417
447 417
449 417
450 417
452 417
453 417
456 417
457 417
458 417
460 417
461 417
462 417
464 417
465 417
466 417
468 417
469 417
472 417
473 417
474 417
476 417
477 417
478 417
480 417
481 417
482 417
418 417
430 418
442 418
419 418
420 419
422 419
423 419
425 419
426 419
428 419
429 419
431 419
432 419
434 419
435 419
437 419
438 419
440 419
441 419
443 419
444 419
446 419
447 419
449 419
450 419
452 419
453 419
454 419
456 419
457 419
458 419
460 419
461 419
462 419
464 419
465 419
466 419
468 419
469 419
470 419
472 419
473 419
474 419
476 419
477 419
478 419
480 419
481 419
482 419
484 419
502 419
503 419
530 419
531 419
534 419
535 419
577 419
593 419
432 420
444 420
458 420
474 420
422 420
423 420
425 420
426 420
428 420
429 420
431 420
434 420
435 420
437 420
438 420
440 420
441 420
443 420
446 420
447 420
449 420
450 420
452 420
453 420
454 420
456 420
457 420
460 420
461 420
462 420
464 420
465 420
466 420
468 420
469 420
470 420
472 420
473 420
476 420
477 420
478 420
480 420
481 420
482 420
421 420
433 421
445 421
422 421
423 422
425 422
426 422
428 422
429 422
431 422
432 422
434 422
435 422
437 422
438 422
440 422
441 422
443 422
444 422
446 422
447 422
449 422
450 422
452 422
453 422
454 422
456 422
457 422
458 422
460 422
461 422
462 422
464 422
465 422
466 422
468 422
469 422
470 422
472 422
473 422
474 422
476 422
477 422
478 422
480 422
481 422
482 422
550 422
553 422
595 422
435 423
447 423
462 423
478 423
425 423
426 423
428 423
429 423
431 423
432 423
434 423
437 423
438 423
440 423
441 423
443 423
444 423
446 423
449 423
450 423
452 423
453 423
454 423
456 423
457 423
458 423
460 423
461 423
464 423
465 423
466 423
468 423
469 423
470 423
472 423
473 423
474 423
476 423
477 423
480 423
481 423
482 423
424 423
436 424
448 424
425 424
426 425
428 425
429 425
431 425
432 425
434 425
435 425
437 425
438 425
440 425
441 425
443 425
444 425
446 425
447 425
449 425
450 425
452 425
453 425
454 425
456 425
457 425
458 425
460 425
461 425
462 425
464 425
465 425
466 425
468 425
469 425
470 425
472 425
473 425
474 425
476 425
477 425
478 425
480 425
481 425
482 425
567 425
581 425
596 425
438 426
450 426
466 426
428 426
429 426
431 426
432 426
434 426
435 426
437 426
440 426
441 426
443 426
444 426
446 426
447 426
449 426
452 426
453 426
454 426
456 426
457 426
458 426
460 426
461 426
462 426
464 426
465 426
468 426
469 426
470 426
472 426
473 426
474 426
476 426
477 426
478 426
480 426
481 426
482 426
427 426
439 427
428 427
429 428
431 428
432 428
434 428
435 428
437 428
438 428
440 428
441 428
443 428
444 428
446 428
447 428
449 428
450 428
452 428
453 428
454 428
456 428
457 428
458 428
460 428
461 428
462 428
464 428
465 428
466 428
468 428
469 428
470 428
472 428
473 428
474 428
476 428
477 428
478 428
480 428
481 428
482 428
483 428
533 428
592 428
441 429
454 429
470 429
431 429
432 429
434 429
435 429
437 429
438 429
440 429
443 429
444 429
446 429
447 429
449 429
450 429
452 429
453 429
456 429
457 429
458 429
460 429
461 429
462 429
464 429
465 429
466 429
468 429
469 429
472 429
473 429
474 429
476 429
477 429
478 429
480 429
481 429
482 429
430 429
442 430
431 430
432 431
434 431
435 431
437 431
438 431
440 431
441 431
443 431
444 431
446 431
447 431
449 431
450 431
452 431
453 431
454 431
456 431
457 431
458 431
460 431
461 431
462 431
464 431
465 431
466 431
468 431
469 431
470 431
472 431
473 431
474 431
476 431
477 431
478 431
480 431
481 431
482 431
484 431
502 431
503 431
530 431
531 431
534 431
535 431
577 431
593 431
444 432
458 432
474 432
434 432
435 432
437 432
438 432
440 432
441 432
443 432
446 432
447 432
449 432
450 432
452 432
453 432
454 432
456 432
457 432
460 432
461 432
462 432
464 432
465 432
466 432
468 432
469 432
470 432
472 432
473 432
476 432
477 432
478 432
480 432
481 432
482 432
433 432
445 433
434 433
435 434
437 434
438 434
440 434
441 434
443 434
444 434
446 434
447 434
449 434
450 434
452 434
453 434
454 434
456 434
457 434
458 434
460 434
461 434
462 434
464 434
465 434
466 434
468 434
469 434
470 434
472 434
473 434
474 434
476 434
477 434
478 434
480 434
481 434
482 434
550 434
553 434
595 434
447 435
462 435
478 435
437 435
438 435
440 435
441 435
443 435
444 435
446 435
449 435
450 435
452 435
453 435
454 435
456 435
457 435
458 435
460 435
461 435
464 435
465 435
466 435
468 435
469 435
470 435
472 435
473 435
474 435
476 435
477 435
480 435
481 435
482 435
436 435
448 436
437 436
438 437
440 437
441 437
443 437
444 437
446 437
447 437
449 437
450 437
452 437
453 437
454 437
456 437
457 437
458 437
460 437
461 437
462 437
464 437
465 437
466 437
468 437
469 437
470 437
472 437
473 437
474 437
476 437
477 437
478 437
480 437
481 437
482 437
567 437
581 437
596 437
450 438
466 438
440 438
441 438
443 438
444 438
446 438
447 438
449 438
452 438
453 438
454 438
456 438
457 438
458 438
460 438
461 438
462 438
464 438
465 438
468 438
469 438
470 438
472 438
473 438
474 438
476 438
477 438
478 438
480 438
481 438
482 438
439 438
440 439
441 440
443 440
444 440
446 440
447 440
449 440
450 440
452 440
453 440
454 440
456 440
457 440
458 440
460 440
461 440
462 440
464 440
465 440
466 440
468 440
469 440
470 440
472 440
473 440
474 440
476 440
477 440
478 440
480 440
481 440
482 440
483 440
533 440
592 440
454 441
470 441
443 441
444 441
446 441
447 441
449 441
450 441
452 441
453 441
456 441
457 441
458 441
460 441
461 441
462 441
464 441
465 441
466 441
468 441
469 441
472 441
473 441
474 441
476 441
477 441
478 441
480 441
481 441
482 441
442 441
443 442
444 443
446 443
447 443
449 443
450 443
452 443
453 443
454 443
456 443
457 443
458 443
460 443
461 443
462 443
464 443
465 443
466 443
468 443
469 443
470 443
472 443
473 443
474 443
476 443
477 443
478 443
480 443
481 443
482 443
484 443
502 443
503 443
530 443
531 443
534 443
535 443
577 443
593 443
458 444
474 444
446 444
447 444
449 444
450 444
452 444
453 444
454 444
456 444
457 444
460 444
461 444
462 444
464 444
465 444
466 444
468 444
469 444
470 444
472 444
473 444
476 444
477 444
478 444
480 444
481 444
482 444
445 444
446 445
447 446
449 446
450 446
452 446
453 446
454 446
456 446
457 446
458 446
460 446
461 446
462 446
464 446
465 446
466 446
468 446
469 446
470 446
472 446
473 446
474 446
476 446
477 446
478 446
480 446
481 446
482 446
550 446
553 446
595 446
462 447
478 447
449 447
450 447
452 447
453 447
454 447
456 447
457 447
458 447
460 447
461 447
464 447
465 447
466 447
468 447
469 447
470 447
472 447
473 447
474 447
476 447
477 447
480 447
481 447
482 447
448 447
449 448
450 449
452 449
453 449
454 449
456 449
457 449
458 449
460 449
461 449
462 449
464 449
465 449
466 449
468 449
469 449
470 449
472 449
473 449
474 449
476 449
477 449
478 449
480 449
481 449
482 449
567 449
581 449
596 449
466 450
452 450
453 450
454 450
456 450
457 450
458 450
460 450
461 450
462 450
464 450
465 450
468 450
469 450
470 450
472 450
473 450
474 450
476 450
477 450
478 450
480 450
481 450
482 450
451 450
467 451
452 451
453 451
468 452
453 452
454 452
456 452
457 452
458 452
460 452
461 452
462 452
464 452
465 452
466 452
469 452
470 452
472 452
473 452
474 452
476 452
477 452
478 452
480 452
481 452
482 452
454 453
456 453
457 453
458 453
460 453
461 453
462 453
464 453
465 453
466 453
468 453
469 453
470 453
472 453
473 453
474 453
476 453
477 453
478 453
480 453
481 453
482 453
483 453
533 453
592 453
470 454
456 454
457 454
458 454
460 454
461 454
462 454
464 454
465 454
466 454
468 454
469 454
472 454
473 454
474 454
476 454
477 454
478 454
480 454
481 454
482 454
455 454
471 455
456 455
457 455
472 456
457 456
458 456
460 456
461 456
462 456
464 456
465 456
466 456
468 456
469 456
470 456
473 456
474 456
476 456
477 456
478 456
480 456
481 456
482 456
458 457
460 457
461 457
462 457
464 457
465 457
466 457
468 457
469 457
470 457
472 457
473 457
474 457
476 457
477 457
478 457
480 457
481 457
482 457
484 457
502 457
503 457
530 457
531 457
534 457
535 457
577 457
593 457
474 458
460 458
461 458
462 458
464 458
465 458
466 458
468 458
469 458
470 458
472 458
473 458
476 458
477 458
478 458
480 458
481 458
482 458
459 458
475 459
460 459
461 459
476 460
461 460
462 460
464 460
465 460
466 460
468 460
469 460
470 460
472 460
473 460
474 460
477 460
478 460
480 460
481 460
482 460
462 461
464 461
465 461
466 461
468 461
469 461
470 461
472 461
473 461
474 461
476 461
477 461
478 461
480 461
481 461
482 461
550 461
553 461
595 461
478 462
464 462
465 462
466 462
468 462
469 462
470 462
472 462
473 462
474 462
476 462
477 462
480 462
481 462
482 462
463 462
479 463
464 463
465 463
480 464
465 464
466 464
468 464
469 464
470 464
472 464
473 464
474 464
476 464
477 464
478 464
481 464
482 464
466 465
468 465
469 465
470 465
472 465
473 465
474 465
476 465
477 465
478 465
480 465
481 465
482 465
567 465
581 465
596 465
468 466
469 466
470 466
472 466
473 466
474 466
476 466
477 466
478 466
480 466
481 466
482 466
467 466
468 467
469 467
469 468
470 468
472 468
473 468
474 468
476 468
477 468
478 468
480 468
481 468
482 468
470 469
472 469
473 469
474 469
476 469
477 469
478 469
480 469
481 469
482 469
483 469
533 469
592 469
472 470
473 470
474 470
476 470
477 470
478 470
480 470
481 470
482 470
471 470
472 471
473 471
473 472
474 472
476 472
477 472
478 472
480 472
481 472
482 472
474 473
476 473
477 473
478 473
480 473
481 473
482 473
484 473
502 473
503 473
530 473
531 473
534 473
535 473
577 473
593 473
476 474
477 474
478 474
480 474
481 474
482 474
475 474
476 475
477 475
477 476
478 476
480 476
481 476
482 476
478 477
480 477
481 477
482 477
550 477
553 477
595 477
480 478
481 478
482 478
479 478
480 479
481 479
481 480
482 480
482 481
567 481
581 481
596 481
533 483
592 483
502 484
503 484
530 484
531 484
534 484
535 484
577 484
593 484
496 485
497 485
507 485
508 485
509 485
510 485
511 485
512 485
513 485
514 485
515 485
516 485
517 485
518 485
519 485
520 485
521 485
522 485
523 485
524 485
525 485
526 485
527 485
528 485
549 485
566 485
570 485
571 485
597 485
487 485
499 485
544 485
545 485
546 485
547 485
552 485
561 485
562 485
563 485
564 485
565 485
580 485
498 485
530 485
532 485
534 485
543 485
550 485
551 485
567 485
568 485
578 485
491 485
495 485
500 485
501 485
505 485
506 485
536 485
538 485
541 485
557 485
590 485
600 485
489 485
490 485
539 485
540 485
560 485
591 485
598 485
599 485
537 486
561 486
562 486
563 486
564 486
565 486
566 486
567 486
568 486
569 486
570 486
571 486
572 486
573 486
574 486
575 486
576 486
577 486
579 486
580 486
582 486
584 486
587 486
586 486
585 486
583 486
555 486
487 486
488 486
499 486
542 486
548 486
559 486
560 486
589 486
592 486
593 486
594 486
595 486
596 486
496 487
497 487
499 487
507 487
508 487
509 487
510 487
511 487
512 487
513 487
514 487
515 487
516 487
517 487
518 487
519 487
520 487
521 487
522 487
523 487
524 487
525 487
526 487
527 487
528 487
544 487
545 487
546 487
547 487
549 487
552 487
561 487
562 487
563 487
564 487
565 487
566 487
580 487
597 487
488 487
542 487
548 487
555 487
559 487
560 487
586 487
589 487
592 487
593 487
594 487
595 487
596 487
490 488
496 488
497 488
499 488
507 488
508 488
509 488
510 488
511 488
512 488
513 488
514 488
515 488
516 488
517 488
518 488
519 488
520 488
521 488
522 488
523 488
524 488
525 488
526 488
527 488
528 488
544 488
545 488
546 488
547 488
556 488
561 488
562 488
563 488
564 488
565 488
584 488
597 488
542 488
548 488
555 488
559 488
560 488
586 488
589 488
592 488
593 488
594 488
595 488
596 488
496 489
497 489
499 489
507 489
508 489
509 489
510 489
511 489
512 489
513 489
514 489
515 489
516 489
517 489
518 489
519 489
520 489
521 489
522 489
523 489
524 489
525 489
526 489
527 489
528 489
541 489
544 489
545 489
546 489
547 489
561 489
562 489
563 489
564 489
565 489
568 489
597 489
490 489
498 489
530 489
534 489
539 489
540 489
549 489
560 489
566 489
571 489
591 489
598 489
599 489
600 489
496 490
497 490
499 490
507 490
508 490
509 490
510 490
511 490
512 490
513 490
514 490
515 490
516 490
517 490
518 490
519 490
520 490
521 490
522 490
523 490
524 490
525 490
526 490
527 490
528 490
544 490
545 490
546 490
547 490
556 490
561 490
562 490
563 490
564 490
565 490
584 490
597 490
498 490
530 490
534 490
539 490
540 490
549 490
560 490
566 490
568 490
571 490
591 490
598 490
599 490
600 490
492 491
589 491
495 491
500 491
501 491
505 491
506 491
536 491
538 491
541 491
557 491
590 491
600 491
499 491
572 491
589 492
493 492
499 492
573 492
499 493
573 493
494 493
544 493
545 493
546 493
547 493
561 493
562 493
563 493
564 493
565 493
579 493
588 493
499 494
574 494
544 494
545 494
546 494
547 494
561 494
562 494
563 494
564 494
565 494
579 494
588 494
500 495
501 495
505 495
506 495
536 495
538 495
541 495
557 495
590 495
600 495
496 495
497 496
498 496
499 496
507 496
508 496
509 496
510 496
511 496
512 496
513 496
514 496
515 496
516 496
517 496
518 496
519 496
520 496
521 496
522 496
523 496
524 496
525 496
526 496
527 496
528 496
539 496
544 496
545 496
546 496
547 496
561 496
562 496
563 496
564 496
565 496
597 496
568 496
541 496
549 496
566 496
570 496
571 496
552 496
580 496
556 496
584 496
530 496
532 496
534 496
543 496
550 496
551 496
567 496
578 496
536 496
599 496
576 496
540 496
560 496
591 496
598 496
600 496
498 497
499 497
507 497
508 497
509 497
510 497
511 497
512 497
513 497
514 497
515 497
516 497
517 497
518 497
519 497
520 497
521 497
522 497
523 497
524 497
525 497
526 497
527 497
528 497
539 497
544 497
545 497
546 497
547 497
561 497
562 497
563 497
564 497
565 497
597 497
568 497
541 497
549 497
566 497
570 497
571 497
552 497
580 497
556 497
584 497
530 497
532 497
534 497
543 497
550 497
551 497
567 497
578 497
576 497
590 497
582 497
575 497
500 497
504 497
505 497
540 497
506 497
591 497
560 497
598 497
599 497
600 497
499 498
507 498
508 498
509 498
510 498
511 498
512 498
513 498
514 498
515 498
516 498
517 498
518 498
519 498
520 498
521 498
522 498
523 498
524 498
525 498
526 498
527 498
528 498
539 498
544 498
545 498
546 498
547 498
561 498
562 498
563 498
564 498
565 498
597 498
530 498
532 498
534 498
543 498
549 498
550 498
551 498
566 498
567 498
568 498
571 498
578 498
590 498
538 498
598 498
540 498
560 498
591 498
599 498
600 498
507 499
508 499
509 499
510 499
511 499
512 499
513 499
514 499
515 499
516 499
517 499
518 499
519 499
520 499
521 499
522 499
523 499
524 499
525 499
526 499
527 499
528 499
539 499
544 499
545 499
546 499
547 499
561 499
562 499
563 499
564 499
565 499
597 499
541 499
568 499
549 499
552 499
566 499
580 499
556 499
584 499
530 499
532 499
534 499
543 499
550 499
551 499
567 499
571 499
578 499
542 499
548 499
555 499
559 499
560 499
586 499
589 499
592 499
593 499
594 499
595 499
596 499
569 499
572 499
573 499
574 499
579 499
588 499
503 499
533 499
531 499
502 499
536 499
599 499
540 499
591 499
598 499
600 499
501 500
505 500
506 500
536 500
538 500
541 500
557 500
590 500
600 500
504 500
507 500
508 500
509 500
510 500
511 500
512 500
513 500
514 500
515 500
516 500
517 500
518 500
519 500
520 500
521 500
522 500
523 500
524 500
525 500
526 500
527 500
528 500
532 500
534 500
540 500
578 500
548 501
578 501
505 501
506 501
536 501
538 501
541 501
557 501
590 501
600 501
503 502
530 502
531 502
534 502
535 502
577 502
593 502
509 502
510 502
513 502
514 502
517 502
518 502
521 502
522 502
523 502
525 502
527 502
530 503
531 503
534 503
535 503
577 503
593 503
533 503
588 503
505 504
507 504
508 504
509 504
510 504
511 504
512 504
513 504
514 504
515 504
516 504
517 504
518 504
519 504
520 504
521 504
522 504
523 504
524 504
525 504
526 504
527 504
528 504
532 504
534 504
540 504
578 504
537 504
594 504
506 505
536 505
538 505
541 505
557 505
590 505
600 505
507 505
508 505
509 505
510 505
511 505
512 505
513 505
514 505
515 505
516 505
517 505
518 505
519 505
520 505
521 505
522 505
523 505
524 505
525 505
526 505
527 505
528 505
532 505
534 505
540 505
578 505
536 506
538 506
541 506
557 506
590 506
600 506
507 506
508 506
509 506
510 506
511 506
512 506
513 506
514 506
515 506
516 506
517 506
518 506
519 506
520 506
521 506
522 506
523 506
524 506
525 506
526 506
527 506
528 506
591 506
597 506
508 507
509 507
510 507
511 507
512 507
513 507
514 507
515 507
516 507
517 507
518 507
519 507
520 507
521 507
522 507
523 507
524 507
525 507
526 507
527 507
528 507
539 507
544 507
545 507
546 507
547 507
561 507
562 507
563 507
564 507
565 507
597 507
568 507
541 507
549 507
566 507
570 507
571 507
552 507
580 507
556 507
584 507
530 507
532 507
534 507
543 507
550 507
551 507
567 507
578 507
529 507
582 507
575 507
540 507
591 507
560 507
598 507
599 507
600 507
509 508
510 508
511 508
512 508
513 508
514 508
515 508
516 508
517 508
518 508
519 508
520 508
521 508
522 508
523 508
524 508
525 508
526 508
527 508
528 508
539 508
544 508
545 508
546 508
547 508
561 508
562 508
563 508
564 508
565 508
597 508
568 508
541 508
549 508
566 508
570 508
571 508
552 508
580 508
556 508
584 508
530 508
532 508
534 508
543 508
550 508
551 508
567 508
578 508
529 508
582 508
575 508
540 508
591 508
560 508
598 508
599 508
600 508
510 509
511 509
512 509
513 509
514 509
515 509
516 509
517 509
518 509
519 509
520 509
521 509
522 509
523 509
524 509
525 509
526 509
527 509
528 509
539 509
544 509
545 509
546 509
547 509
561 509
562 509
563 509
564 509
565 509
597 509
568 509
541 509
549 509
566 509
570 509
571 509
552 509
580 509
556 509
584 509
530 509
532 509
534 509
543 509
550 509
551 509
567 509
578 509
529 509
582 509
575 509
540 509
591 509
560 509
598 509
599 509
600 509
511 510
512 510
513 510
514 510
515 510
516 510
517 510
518 510
519 510
520 510
521 510
522 510
523 510
524 510
525 510
526 510
527 510
528 510
539 510
544 510
545 510
546 510
547 510
561 510
562 510
563 510
564 510
565 510
597 510
568 510
541 510
549 510
566 510
570 510
571 510
552 510
580 510
556 510
584 510
530 510
532 510
534 510
543 510
550 510
551 510
567 510
578 510
529 510
582 510
575 510
540 510
591 510
560 510
598 510
599 510
600 510
512 511
513 511
514 511
515 511
516 511
517 511
518 511
519 511
520 511
521 511
522 511
523 511
524 511
525 511
526 511
527 511
528 511
539 511
544 511
545 511
546 511
547 511
561 511
562 511
563 511
564 511
565 511
597 511
568 511
541 511
549 511
566 511
570 511
571 511
552 511
580 511
556 511
584 511
530 511
532 511
534 511
543 511
550 511
551 511
567 511
578 511
529 511
582 511
575 511
540 511
591 511
560 511
598 511
599 511
600 511
513 512
514 512
515 512
516 512
517 512
518 512
519 512
520 512
521 512
522 512
523 512
524 512
525 512
526 512
527 512
528 512
539 512
544 512
545 512
546 512
547 512
561 512
562 512
563 512
564 512
565 512
597 512
568 512
541 512
549 512
566 512
570 512
571 512
552 512
580 512
556 512
584 512
530 512
532 512
534 512
543 512
550 512
551 512
567 512
578 512
529 512
582 512
575 512
540 512
591 512
560 512
598 512
599 512
600 512
514 513
515 513
516 513
517 513
518 513
519 513
520 513
521 513
522 513
523 513
524 513
525 513
526 513
527 513
528 513
539 513
544 513
545 513
546 513
547 513
561 513
562 513
563 513
564 513
565 513
597 513
568 513
541 513
549 513
566 513
570 513
571 513
552 513
580 513
556 513
584 513
530 513
532 513
534 513
543 513
550 513
551 513
567 513
578 513
529 513
582 513
575 513
540 513
591 513
560 513
598 513
599 513
600 513
515 514
516 514
517 514
518 514
519 514
520 514
521 514
522 514
523 514
524 514
525 514
526 514
527 514
528 514
539 514
544 514
545 514
546 514
547 514
561 514
562 514
563 514
564 514
565 514
597 514
568 514
541 514
549 514
566 514
570 514
571 514
552 514
580 514
556 514
584 514
530 514
532 514
534 514
543 514
550 514
551 514
567 514
578 514
529 514
582 514
575 514
540 514
591 514
560 514
598 514
599 514
600 514
516 515
517 515
518 515
519 515
520 515
521 515
522 515
523 515
524 515
525 515
526 515
527 515
528 515
539 515
544 515
545 515
546 515
547 515
561 515
562 515
563 515
564 515
565 515
597 515
568 515
541 515
549 515
566 515
570 515
571 515
552 515
580 515
556 515
584 515
530 515
532 515
534 515
543 515
550 515
551 515
567 515
578 515
529 515
582 515
575 515
540 515
591 515
560 515
598 515
599 515
600 515
517 516
518 516
519 516
520 516
521 516
522 516
523 516
524 516
525 516
526 516
527 516
528 516
539 516
544 516
545 516
546 516
547 516
561 516
562 516
563 516
564 516
565 516
597 516
568 516
541 516
549 516
566 516
570 516
571 516
552 516
580 516
556 516
584 516
530 516
532 516
534 516
543 516
550 516
551 516
567 516
578 516
529 516
582 516
575 516
540 516
591 516
560 516
598 516
599 516
600 516
518 517
519 517
520 517
521 517
522 517
523 517
524 517
525 517
526 517
527 517
528 517
539 517
544 517
545 517
546 517
547 517
561 517
562 517
563 517
564 517
565 517
597 517
568 517
541 517
549 517
566 517
570 517
571 517
552 517
580 517
556 517
584 517
530 517
532 517
534 517
543 517
550 517
551 517
567 517
578 517
529 517
582 517
575 517
540 517
591 517
560 517
598 517
599 517
600 517
519 518
520 518
521 518
522 518
523 518
524 518
525 518
526 518
527 518
528 518
539 518
544 518
545 518
546 518
547 518
561 518
562 518
563 518
564 518
565 518
597 518
568 518
541 518
549 518
566 518
570 518
571 518
552 518
580 518
556 518
584 518
530 518
532 518
534 518
543 518
550 518
551 518
567 518
578 518
529 518
582 518
575 518
540 518
591 518
560 518
598 518
599 518
600 518
520 519
521 519
522 519
523 519
524 519
525 519
526 519
527 519
528 519
539 519
544 519
545 519
546 519
547 519
561 519
562 519
563 519
564 519
565 519
597 519
568 519
541 519
549 519
566 519
570 519
571 519
552 519
580 519
556 519
584 519
530 519
532 519
534 519
543 519
550 519
551 519
567 519
578 519
529 519
582 519
575 519
540 519
591 519
560 519
598 519
599 519
600 519
521 520
522 520
523 520
524 520
525 520
526 520
527 520
528 520
539 520
544 520
545 520
546 520
547 520
561 520
562 520
563 520
564 520
565 520
597 520
568 520
541 520
549 520
566 520
570 520
571 520
552 520
580 520
556 520
584 520
530 520
532 520
534 520
543 520
550 520
551 520
567 520
578 520
529 520
582 520
575 520
540 520
591 520
560 520
598 520
599 520
600 520
522 521
523 521
524 521
525 521
526 521
527 521
528 521
539 521
544 521
545 521
546 521
547 521
561 521
562 521
563 521
564 521
565 521
597 521
568 521
541 521
549 521
566 521
570 521
571 521
552 521
580 521
556 521
584 521
530 521
532 521
534 521
543 521
550 521
551 521
567 521
578 521
529 521
582 521
575 521
540 521
591 521
560 521
598 521
599 521
600 521
523 522
524 522
525 522
526 522
527 522
528 522
539 522
544 522
545 522
546 522
547 522
561 522
562 522
563 522
564 522
565 522
597 522
568 522
541 522
549 522
566 522
570 522
571 522
552 522
580 522
556 522
584 522
530 522
532 522
534 522
543 522
550 522
551 522
567 522
578 522
529 522
582 522
575 522
540 522
591 522
560 522
598 522
599 522
600 522
524 523
525 523
526 523
527 523
528 523
539 523
544 523
545 523
546 523
547 523
561 523
562 523
563 523
564 523
565 523
597 523
568 523
541 523
549 523
566 523
570 523
571 523
552 523
580 523
556 523
584 523
530 523
532 523
534 523
543 523
550 523
551 523
567 523
578 523
529 523
582 523
575 523
540 523
591 523
560 523
598 523
599 523
600 523
525 524
526 524
527 524
528 524
539 524
544 524
545 524
546 524
547 524
561 524
562 524
563 524
564 524
565 524
597 524
568 524
541 524
549 524
566 524
570 524
571 524
552 524
580 524
556 524
584 524
530 524
532 524
534 524
543 524
550 524
551 524
567 524
578 524
529 524
582 524
575 524
540 524
591 524
560 524
598 524
599 524
600 524
526 525
527 525
528 525
539 525
544 525
545 525
546 525
547 525
561 525
562 525
563 525
564 525
565 525
597 525
568 525
541 525
549 525
566 525
570 525
571 525
552 525
580 525
556 525
584 525
530 525
532 525
534 525
543 525
550 525
551 525
567 525
578 525
529 525
582 525
575 525
540 525
591 525
560 525
598 525
599 525
600 525
527 526
528 526
539 526
544 526
545 526
546 526
547 526
561 526
562 526
563 526
564 526
565 526
597 526
568 526
541 526
549 526
566 526
570 526
571 526
552 526
580 526
556 526
584 526
530 526
532 526
534 526
543 526
550 526
551 526
567 526
578 526
529 526
582 526
575 526
540 526
591 526
560 526
598 526
599 526
600 526
528 527
539 527
544 527
545 527
546 527
547 527
561 527
562 527
563 527
564 527
565 527
597 527
568 527
541 527
549 527
566 527
570 527
571 527
552 527
580 527
556 527
584 527
530 527
532 527
534 527
543 527
550 527
551 527
567 527
578 527
529 527
582 527
575 527
540 527
591 527
560 527
598 527
599 527
600 527
539 528
544 528
545 528
546 528
547 528
561 528
562 528
563 528
564 528
565 528
597 528
568 528
541 528
549 528
566 528
570 528
571 528
552 528
580 528
556 528
584 528
530 528
532 528
534 528
543 528
550 528
551 528
567 528
578 528
529 528
582 528
575 528
540 528
591 528
560 528
598 528
599 528
600 528
531 530
534 530
535 530
577 530
593 530
532 530
543 530
544 530
545 530
546 530
547 530
549 530
550 530
551 530
561 530
562 530
563 530
564 530
565 530
566 530
567 530
568 530
571 530
578 530
597 530
539 530
540 530
560 530
591 530
598 530
599 530
600 530
534 531
535 531
577 531
593 531
588 531
534 532
543 532
544 532
545 532
546 532
547 532
549 532
550 532
551 532
561 532
562 532
563 532
564 532
565 532
566 532
567 532
568 532
571 532
578 532
597 532
540 532
537 532
594 532
592 533
588 533
535 534
577 534
593 534
543 534
544 534
545 534
546 534
547 534
549 534
550 534
551 534
561 534
562 534
563 534
564 534
565 534
566 534
567 534
568 534
571 534
578 534
597 534
540 534
539 534
560 534
591 534
598 534
599 534
600 534
577 535
593 535
578 535
538 536
541 536
557 536
590 536
600 536
599 536
561 537
562 537
563 537
564 537
565 537
566 537
567 537
568 537
569 537
570 537
571 537
572 537
573 537
574 537
575 537
576 537
577 537
579 537
580 537
582 537
584 537
587 537
586 537
585 537
583 537
594 537
541 538
557 538
590 538
600 538
597 538
598 538
544 539
545 539
546 539
547 539
561 539
562 539
563 539
564 539
565 539
597 539
540 539
549 539
560 539
566 539
568 539
571 539
591 539
598 539
599 539
600 539
578 540
544 540
545 540
546 540
547 540
549 540
560 540
561 540
562 540
563 540
564 540
565 540
566 540
568 540
571 540
591 540
597 540
598 540
599 540
600 540
544 541
545 541
546 541
547 541
561 541
562 541
563 541
564 541
565 541
568 541
597 541
557 541
590 541
600 541
548 542
555 542
559 542
560 542
586 542
589 542
592 542
593 542
594 542
595 542
596 542
544 543
545 543
546 543
547 543
549 543
550 543
551 543
561 543
562 543
563 543
564 543
565 543
566 543
567 543
568 543
571 543
578 543
597 543
545 544
546 544
547 544
561 544
562 544
563 544
564 544
565 544
597 544
568 544
549 544
552 544
566 544
580 544
556 544
584 544
550 544
551 544
567 544
571 544
578 544
579 544
588 544
560 544
591 544
598 544
599 544
600 544
559 544
558 544
554 544
546 545
547 545
561 545
562 545
563 545
564 545
565 545
597 545
568 545
549 545
552 545
566 545
580 545
556 545
584 545
550 545
551 545
567 545
571 545
578 545
579 545
588 545
560 545
591 545
598 545
599 545
600 545
559 545
558 545
554 545
547 546
561 546
562 546
563 546
564 546
565 546
597 546
568 546
549 546
552 546
566 546
580 546
556 546
584 546
550 546
551 546
567 546
571 546
578 546
579 546
588 546
560 546
591 546
598 546
599 546
600 546
559 546
558 546
554 546
561 547
562 547
563 547
564 547
565 547
597 547
568 547
549 547
552 547
566 547
580 547
556 547
584 547
550 547
551 547
567 547
571 547
578 547
579 547
588 547
560 547
591 547
598 547
599 547
600 547
559 547
558 547
554 547
555 548
559 548
560 548
586 548
589 548
592 548
593 548
594 548
595 548
596 548
566 549
570 549
571 549
597 549
552 549
561 549
562 549
563 549
564 549
565 549
580 549
550 549
551 549
567 549
568 549
578 549
560 549
591 549
598 549
599 549
600 549
556 549
559 549
558 549
554 549
553 550
595 550
551 550
561 550
562 550
563 550
564 550
565 550
566 550
567 550
568 550
571 550
578 550
597 550
554 550
558 550
552 550
556 550
561 551
562 551
563 551
564 551
565 551
566 551
567 551
568 551
571 551
578 551
597 551
582 551
552 551
556 551
559 551
558 551
554 551
561 552
562 552
563 552
564 552
565 552
566 552
580 552
597 552
556 552
559 552
558 552
554 552
595 553
558 554
556 554
559 554
559 555
560 555
586 555
589 555
592 555
593 555
594 555
595 555
596 555
561 556
562 556
563 556
564 556
565 556
584 556
597 556
559 556
558 556
590 557
600 557
559 558
560 559
586 559
589 559
592 559
593 559
594 559
595 559
596 559
586 560
589 560
592 560
593 560
594 560
595 560
596 560
561 560
562 560
563 560
564 560
565 560
566 560
568 560
571 560
591 560
597 560
598 560
599 560
600 560
562 561
563 561
564 561
565 561
597 561
568 561
566 561
580 561
584 561
567 561
569 561
570 561
571 561
572 561
573 561
574 561
575 561
576 561
577 561
579 561
582 561
587 561
586 561
585 561
583 561
578 561
588 561
591 561
598 561
599 561
600 561
563 562
564 562
565 562
597 562
568 562
566 562
580 562
584 562
567 562
569 562
570 562
571 562
572 562
573 562
574 562
575 562
576 562
577 562
579 562
582 562
587 562
586 562
585 562
583 562
578 562
588 562
591 562
598 562
599 562
600 562
564 563
565 563
597 563
568 563
566 563
580 563
584 563
567 563
569 563
570 563
571 563
572 563
573 563
574 563
575 563
576 563
577 563
579 563
582 563
587 563
586 563
585 563
583 563
578 563
588 563
591 563
598 563
599 563
600 563
565 564
597 564
568 564
566 564
580 564
584 564
567 564
569 564
570 564
571 564
572 564
573 564
574 564
575 564
576 564
577 564
579 564
582 564
587 564
586 564
585 564
583 564
578 564
588 564
591 564
598 564
599 564
600 564
597 565
568 565
566 565
580 565
584 565
567 565
569 565
570 565
571 565
572 565
573 565
574 565
575 565
576 565
577 565
579 565
582 565
587 565
586 565
585 565
583 565
578 565
588 565
591 565
598 565
599 565
600 565
570 566
571 566
597 566
580 566
567 566
568 566
569 566
572 566
573 566
574 566
575 566
576 566
577 566
579 566
582 566
584 566
587 566
586 566
585 566
583 566
578 566
591 566
598 566
599 566
600 566
581 567
596 567
568 567
569 567
570 567
571 567
572 567
573 567
574 567
575 567
576 567
577 567
579 567
580 567
582 567
584 567
587 567
578 567
597 567
583 567
585 567
597 568
569 568
570 568
571 568
572 568
573 568
574 568
575 568
576 568
577 568
579 568
580 568
582 568
584 568
587 568
586 568
585 568
583 568
578 568
591 568
598 568
599 568
600 568
570 569
571 569
572 569
573 569
574 569
575 569
576 569
577 569
579 569
580 569
582 569
584 569
587 569
586 569
585 569
583 569
571 570
597 570
572 570
573 570
574 570
575 570
576 570
577 570
579 570
580 570
582 570
584 570
587 570
586 570
585 570
583 570
597 571
572 571
573 571
574 571
575 571
576 571
577 571
579 571
580 571
582 571
584 571
587 571
586 571
585 571
583 571
578 571
591 571
598 571
599 571
600 571
573 572
574 572
575 572
576 572
577 572
579 572
580 572
582 572
584 572
587 572
586 572
585 572
583 572
574 573
575 573
576 573
577 573
579 573
580 573
582 573
584 573
587 573
586 573
585 573
583 573
575 574
576 574
577 574
579 574
580 574
582 574
584 574
587 574
586 574
585 574
583 574
576 575
577 575
579 575
580 575
582 575
584 575
587 575
586 575
585 575
583 575
577 576
579 576
580 576
582 576
584 576
587 576
586 576
585 576
583 576
593 577
579 577
580 577
582 577
584 577
587 577
586 577
585 577
583 577
597 578
580 579
582 579
584 579
587 579
586 579
585 579
583 579
588 579
597 580
582 580
584 580
587 580
586 580
585 580
583 580
596 581
584 582
587 582
586 582
585 582
583 582
584 583
586 583
587 583
585 583
597 584
587 584
586 584
585 584
586 585
587 585
587 586
589 586
592 586
593 586
594 586
595 586
596 586
597 587
592 589
593 589
594 589
595 589
596 589
600 590
597 591
598 591
599 591
600 591
593 592
594 592
595 592
596 592
594 593
595 593
596 593
595 594
596 594
596 595
598 597
599 597
600 597
599 598
600 598
600 599
