2505
4 2
6 2
11 2
15 2
4 3
13 3
19 3
29 3
35 3
45 3
51 3
61 3
67 3
77 3
83 3
93 3
99 3
109 3
115 3
125 3
131 3
141 3
145 3
155 3
161 3
172 3
178 3
188 3
194 3
204 3
210 3
220 3
226 3
236 3
242 3
252 3
1 4
8 4
10 4
14 4
169 4
8 5
12 5
21 5
28 5
37 5
44 5
53 5
60 5
69 5
76 5
85 5
92 5
101 5
108 5
117 5
124 5
133 5
140 5
152 5
157 5
168 5
174 5
185 5
190 5
201 5
206 5
217 5
222 5
233 5
238 5
249 5
254 5
259 5
260 5
8 6
11 6
15 6
8 7
9 7
23 7
25 7
39 7
41 7
55 7
57 7
71 7
73 7
87 7
89 7
103 7
105 7
119 7
121 7
135 7
137 7
149 7
159 7
165 7
176 7
182 7
192 7
198 7
208 7
214 7
224 7
230 7
240 7
246 7
256 7
10 8
14 8
169 8
12 9
23 9
25 9
39 9
41 9
55 9
57 9
71 9
73 9
87 9
89 9
103 9
105 9
119 9
121 9
135 9
137 9
149 9
159 9
165 9
176 9
182 9
192 9
198 9
208 9
214 9
224 9
230 9
240 9
246 9
256 9
12 10
14 10
169 10
12 11
15 11
21 12
28 12
37 12
44 12
53 12
60 12
69 12
76 12
85 12
92 12
101 12
108 12
117 12
124 12
133 12
140 12
152 12
157 12
168 12
174 12
185 12
190 12
201 12
206 12
217 12
222 12
233 12
238 12
249 12
254 12
259 12
260 12
16 13
19 13
29 13
35 13
45 13
51 13
61 13
67 13
77 13
83 13
93 13
99 13
109 13
115 13
125 13
131 13
141 13
145 13
155 13
161 13
172 13
178 13
188 13
194 13
204 13
210 13
220 13
226 13
236 13
242 13
252 13
16 14
169 14
16 15
1 16
17 16
32 16
33 16
48 16
49 16
64 16
65 16
80 16
81 16
96 16
97 16
112 16
113 16
128 16
129 16
144 16
148 16
153 16
164 16
170 16
181 16
186 16
197 16
202 16
213 16
218 16
229 16
234 16
245 16
250 16
258 16
261 16
20 17
1 17
32 17
33 17
48 17
49 17
64 17
65 17
80 17
81 17
96 17
97 17
112 17
113 17
128 17
129 17
144 17
148 17
153 17
164 17
170 17
181 17
186 17
197 17
202 17
213 17
218 17
229 17
234 17
245 17
250 17
258 17
261 17
20 18
22 18
27 18
31 18
20 19
29 19
35 19
45 19
51 19
61 19
67 19
77 19
83 19
93 19
99 19
109 19
115 19
125 19
131 19
141 19
145 19
155 19
161 19
172 19
178 19
188 19
194 19
204 19
210 19
220 19
226 19
236 19
242 19
252 19
24 20
26 20
30 20
24 21
28 21
37 21
44 21
53 21
60 21
69 21
76 21
85 21
92 21
101 21
108 21
117 21
124 21
133 21
140 21
152 21
157 21
168 21
174 21
185 21
190 21
201 21
206 21
217 21
222 21
233 21
238 21
249 21
254 21
259 21
260 21
24 22
27 22
31 22
24 23
25 23
39 23
41 23
55 23
57 23
71 23
73 23
87 23
89 23
103 23
105 23
119 23
121 23
135 23
137 23
149 23
159 23
165 23
176 23
182 23
192 23
198 23
208 23
214 23
224 23
230 23
240 23
246 23
256 23
26 24
30 24
28 25
39 25
41 25
55 25
57 25
71 25
73 25
87 25
89 25
103 25
105 25
119 25
121 25
135 25
137 25
149 25
159 25
165 25
176 25
182 25
192 25
198 25
208 25
214 25
224 25
230 25
240 25
246 25
256 25
28 26
30 26
28 27
31 27
37 28
44 28
53 28
60 28
69 28
76 28
85 28
92 28
101 28
108 28
117 28
124 28
133 28
140 28
152 28
157 28
168 28
174 28
185 28
190 28
201 28
206 28
217 28
222 28
233 28
238 28
249 28
254 28
259 28
260 28
32 29
35 29
45 29
51 29
61 29
67 29
77 29
83 29
93 29
99 29
109 29
115 29
125 29
131 29
141 29
145 29
155 29
161 29
172 29
178 29
188 29
194 29
204 29
210 29
220 29
226 29
236 29
242 29
252 29
32 30
32 31
1 32
33 32
48 32
49 32
64 32
65 32
80 32
81 32
96 32
97 32
112 32
113 32
128 32
129 32
144 32
148 32
153 32
164 32
170 32
181 32
186 32
197 32
202 32
213 32
218 32
229 32
234 32
245 32
250 32
258 32
261 32
36 33
1 33
48 33
49 33
64 33
65 33
80 33
81 33
96 33
97 33
112 33
113 33
128 33
129 33
144 33
148 33
153 33
164 33
170 33
181 33
186 33
197 33
202 33
213 33
218 33
229 33
234 33
245 33
250 33
258 33
261 33
36 34
38 34
43 34
47 34
36 35
45 35
51 35
61 35
67 35
77 35
83 35
93 35
99 35
109 35
115 35
125 35
131 35
141 35
145 35
155 35
161 35
172 35
178 35
188 35
194 35
204 35
210 35
220 35
226 35
236 35
242 35
252 35
40 36
42 36
46 36
40 37
44 37
53 37
60 37
69 37
76 37
85 37
92 37
101 37
108 37
117 37
124 37
133 37
140 37
152 37
157 37
168 37
174 37
185 37
190 37
201 37
206 37
217 37
222 37
233 37
238 37
249 37
254 37
259 37
260 37
40 38
43 38
47 38
40 39
41 39
55 39
57 39
71 39
73 39
87 39
89 39
103 39
105 39
119 39
121 39
135 39
137 39
149 39
159 39
165 39
176 39
182 39
192 39
198 39
208 39
214 39
224 39
230 39
240 39
246 39
256 39
42 40
46 40
44 41
55 41
57 41
71 41
73 41
87 41
89 41
103 41
105 41
119 41
121 41
135 41
137 41
149 41
159 41
165 41
176 41
182 41
192 41
198 41
208 41
214 41
224 41
230 41
240 41
246 41
256 41
44 42
46 42
44 43
47 43
53 44
60 44
69 44
76 44
85 44
92 44
101 44
108 44
117 44
124 44
133 44
140 44
152 44
157 44
168 44
174 44
185 44
190 44
201 44
206 44
217 44
222 44
233 44
238 44
249 44
254 44
259 44
260 44
48 45
51 45
61 45
67 45
77 45
83 45
93 45
99 45
109 45
115 45
125 45
131 45
141 45
145 45
155 45
161 45
172 45
178 45
188 45
194 45
204 45
210 45
220 45
226 45
236 45
242 45
252 45
48 46
48 47
1 48
49 48
64 48
65 48
80 48
81 48
96 48
97 48
112 48
113 48
128 48
129 48
144 48
148 48
153 48
164 48
170 48
181 48
186 48
197 48
202 48
213 48
218 48
229 48
234 48
245 48
250 48
258 48
261 48
52 49
1 49
64 49
65 49
80 49
81 49
96 49
97 49
112 49
113 49
128 49
129 49
144 49
148 49
153 49
164 49
170 49
181 49
186 49
197 49
202 49
213 49
218 49
229 49
234 49
245 49
250 49
258 49
261 49
52 50
54 50
59 50
63 50
52 51
61 51
67 51
77 51
83 51
93 51
99 51
109 51
115 51
125 51
131 51
141 51
145 51
155 51
161 51
172 51
178 51
188 51
194 51
204 51
210 51
220 51
226 51
236 51
242 51
252 51
56 52
58 52
62 52
56 53
60 53
69 53
76 53
85 53
92 53
101 53
108 53
117 53
124 53
133 53
140 53
152 53
157 53
168 53
174 53
185 53
190 53
201 53
206 53
217 53
222 53
233 53
238 53
249 53
254 53
259 53
260 53
56 54
59 54
63 54
56 55
57 55
71 55
73 55
87 55
89 55
103 55
105 55
119 55
121 55
135 55
137 55
149 55
159 55
165 55
176 55
182 55
192 55
198 55
208 55
214 55
224 55
230 55
240 55
246 55
256 55
58 56
62 56
60 57
71 57
73 57
87 57
89 57
103 57
105 57
119 57
121 57
135 57
137 57
149 57
159 57
165 57
176 57
182 57
192 57
198 57
208 57
214 57
224 57
230 57
240 57
246 57
256 57
60 58
62 58
60 59
63 59
69 60
76 60
85 60
92 60
101 60
108 60
117 60
124 60
133 60
140 60
152 60
157 60
168 60
174 60
185 60
190 60
201 60
206 60
217 60
222 60
233 60
238 60
249 60
254 60
259 60
260 60
64 61
67 61
77 61
83 61
93 61
99 61
109 61
115 61
125 61
131 61
141 61
145 61
155 61
161 61
172 61
178 61
188 61
194 61
204 61
210 61
220 61
226 61
236 61
242 61
252 61
64 62
64 63
1 64
65 64
80 64
81 64
96 64
97 64
112 64
113 64
128 64
129 64
144 64
148 64
153 64
164 64
170 64
181 64
186 64
197 64
202 64
213 64
218 64
229 64
234 64
245 64
250 64
258 64
261 64
68 65
1 65
80 65
81 65
96 65
97 65
112 65
113 65
128 65
129 65
144 65
148 65
153 65
164 65
170 65
181 65
186 65
197 65
202 65
213 65
218 65
229 65
234 65
245 65
250 65
258 65
261 65
68 66
70 66
75 66
79 66
68 67
77 67
83 67
93 67
99 67
109 67
115 67
125 67
131 67
141 67
145 67
155 67
161 67
172 67
178 67
188 67
194 67
204 67
210 67
220 67
226 67
236 67
242 67
252 67
72 68
74 68
78 68
72 69
76 69
85 69
92 69
101 69
108 69
117 69
124 69
133 69
140 69
152 69
157 69
168 69
174 69
185 69
190 69
201 69
206 69
217 69
222 69
233 69
238 69
249 69
254 69
259 69
260 69
72 70
75 70
79 70
72 71
73 71
87 71
89 71
103 71
105 71
119 71
121 71
135 71
137 71
149 71
159 71
165 71
176 71
182 71
192 71
198 71
208 71
214 71
224 71
230 71
240 71
246 71
256 71
74 72
78 72
76 73
87 73
89 73
103 73
105 73
119 73
121 73
135 73
137 73
149 73
159 73
165 73
176 73
182 73
192 73
198 73
208 73
214 73
224 73
230 73
240 73
246 73
256 73
76 74
78 74
76 75
79 75
85 76
92 76
101 76
108 76
117 76
124 76
133 76
140 76
152 76
157 76
168 76
174 76
185 76
190 76
201 76
206 76
217 76
222 76
233 76
238 76
249 76
254 76
259 76
260 76
80 77
83 77
93 77
99 77
109 77
115 77
125 77
131 77
141 77
145 77
155 77
161 77
172 77
178 77
188 77
194 77
204 77
210 77
220 77
226 77
236 77
242 77
252 77
80 78
80 79
1 80
81 80
96 80
97 80
112 80
113 80
128 80
129 80
144 80
148 80
153 80
164 80
170 80
181 80
186 80
197 80
202 80
213 80
218 80
229 80
234 80
245 80
250 80
258 80
261 80
84 81
1 81
96 81
97 81
112 81
113 81
128 81
129 81
144 81
148 81
153 81
164 81
170 81
181 81
186 81
197 81
202 81
213 81
218 81
229 81
234 81
245 81
250 81
258 81
261 81
84 82
86 82
91 82
95 82
84 83
93 83
99 83
109 83
115 83
125 83
131 83
141 83
145 83
155 83
161 83
172 83
178 83
188 83
194 83
204 83
210 83
220 83
226 83
236 83
242 83
252 83
88 84
90 84
94 84
88 85
92 85
101 85
108 85
117 85
124 85
133 85
140 85
152 85
157 85
168 85
174 85
185 85
190 85
201 85
206 85
217 85
222 85
233 85
238 85
249 85
254 85
259 85
260 85
88 86
91 86
95 86
88 87
89 87
103 87
105 87
119 87
121 87
135 87
137 87
149 87
159 87
165 87
176 87
182 87
192 87
198 87
208 87
214 87
224 87
230 87
240 87
246 87
256 87
90 88
94 88
92 89
103 89
105 89
119 89
121 89
135 89
137 89
149 89
159 89
165 89
176 89
182 89
192 89
198 89
208 89
214 89
224 89
230 89
240 89
246 89
256 89
92 90
94 90
92 91
95 91
101 92
108 92
117 92
124 92
133 92
140 92
152 92
157 92
168 92
174 92
185 92
190 92
201 92
206 92
217 92
222 92
233 92
238 92
249 92
254 92
259 92
260 92
96 93
99 93
109 93
115 93
125 93
131 93
141 93
145 93
155 93
161 93
172 93
178 93
188 93
194 93
204 93
210 93
220 93
226 93
236 93
242 93
252 93
96 94
96 95
1 96
97 96
112 96
113 96
128 96
129 96
144 96
148 96
153 96
164 96
170 96
181 96
186 96
197 96
202 96
213 96
218 96
229 96
234 96
245 96
250 96
258 96
261 96
100 97
1 97
112 97
113 97
128 97
129 97
144 97
148 97
153 97
164 97
170 97
181 97
186 97
197 97
202 97
213 97
218 97
229 97
234 97
245 97
250 97
258 97
261 97
100 98
102 98
107 98
111 98
100 99
109 99
115 99
125 99
131 99
141 99
145 99
155 99
161 99
172 99
178 99
188 99
194 99
204 99
210 99
220 99
226 99
236 99
242 99
252 99
104 100
106 100
110 100
104 101
108 101
117 101
124 101
133 101
140 101
152 101
157 101
168 101
174 101
185 101
190 101
201 101
206 101
217 101
222 101
233 101
238 101
249 101
254 101
259 101
260 101
104 102
107 102
111 102
104 103
105 103
119 103
121 103
135 103
137 103
149 103
159 103
165 103
176 103
182 103
192 103
198 103
208 103
214 103
224 103
230 103
240 103
246 103
256 103
106 104
110 104
108 105
119 105
121 105
135 105
137 105
149 105
159 105
165 105
176 105
182 105
192 105
198 105
208 105
214 105
224 105
230 105
240 105
246 105
256 105
108 106
110 106
108 107
111 107
117 108
124 108
133 108
140 108
152 108
157 108
168 108
174 108
185 108
190 108
201 108
206 108
217 108
222 108
233 108
238 108
249 108
254 108
259 108
260 108
112 109
115 109
125 109
131 109
141 109
145 109
155 109
161 109
172 109
178 109
188 109
194 109
204 109
210 109
220 109
226 109
236 109
242 109
252 109
112 110
112 111
1 112
113 112
128 112
129 112
144 112
148 112
153 112
164 112
170 112
181 112
186 112
197 112
202 112
213 112
218 112
229 112
234 112
245 112
250 112
258 112
261 112
116 113
1 113
128 113
129 113
144 113
148 113
153 113
164 113
170 113
181 113
186 113
197 113
202 113
213 113
218 113
229 113
234 113
245 113
250 113
258 113
261 113
116 114
118 114
123 114
127 114
116 115
125 115
131 115
141 115
145 115
155 115
161 115
172 115
178 115
188 115
194 115
204 115
210 115
220 115
226 115
236 115
242 115
252 115
120 116
122 116
126 116
120 117
124 117
133 117
140 117
152 117
157 117
168 117
174 117
185 117
190 117
201 117
206 117
217 117
222 117
233 117
238 117
249 117
254 117
259 117
260 117
120 118
123 118
127 118
120 119
121 119
135 119
137 119
149 119
159 119
165 119
176 119
182 119
192 119
198 119
208 119
214 119
224 119
230 119
240 119
246 119
256 119
122 120
126 120
124 121
135 121
137 121
149 121
159 121
165 121
176 121
182 121
192 121
198 121
208 121
214 121
224 121
230 121
240 121
246 121
256 121
124 122
126 122
124 123
127 123
133 124
140 124
152 124
157 124
168 124
174 124
185 124
190 124
201 124
206 124
217 124
222 124
233 124
238 124
249 124
254 124
259 124
260 124
128 125
131 125
141 125
145 125
155 125
161 125
172 125
178 125
188 125
194 125
204 125
210 125
220 125
226 125
236 125
242 125
252 125
128 126
128 127
1 128
129 128
144 128
148 128
153 128
164 128
170 128
181 128
186 128
197 128
202 128
213 128
218 128
229 128
234 128
245 128
250 128
258 128
261 128
132 129
1 129
144 129
148 129
153 129
164 129
170 129
181 129
186 129
197 129
202 129
213 129
218 129
229 129
234 129
245 129
250 129
258 129
261 129
132 130
134 130
139 130
143 130
132 131
141 131
145 131
155 131
161 131
172 131
178 131
188 131
194 131
204 131
210 131
220 131
226 131
236 131
242 131
252 131
136 132
138 132
142 132
136 133
140 133
152 133
157 133
168 133
174 133
185 133
190 133
201 133
206 133
217 133
222 133
233 133
238 133
249 133
254 133
259 133
260 133
136 134
139 134
143 134
136 135
137 135
149 135
159 135
165 135
176 135
182 135
192 135
198 135
208 135
214 135
224 135
230 135
240 135
246 135
256 135
138 136
142 136
140 137
149 137
159 137
165 137
176 137
182 137
192 137
198 137
208 137
214 137
224 137
230 137
240 137
246 137
256 137
140 138
142 138
140 139
143 139
152 140
157 140
168 140
174 140
185 140
190 140
201 140
206 140
217 140
222 140
233 140
238 140
249 140
254 140
259 140
260 140
144 141
145 141
155 141
161 141
172 141
178 141
188 141
194 141
204 141
210 141
220 141
226 141
236 141
242 141
252 141
144 142
144 143
1 144
148 144
153 144
164 144
170 144
181 144
186 144
197 144
202 144
213 144
218 144
229 144
234 144
245 144
250 144
258 144
261 144
148 145
155 145
161 145
172 145
178 145
188 145
194 145
204 145
210 145
220 145
226 145
236 145
242 145
252 145
148 146
150 146
156 146
160 146
148 147
151 147
154 147
158 147
1 148
153 148
164 148
170 148
181 148
186 148
197 148
202 148
213 148
218 148
229 148
234 148
245 148
250 148
258 148
261 148
152 149
159 149
165 149
176 149
182 149
192 149
198 149
208 149
214 149
224 149
230 149
240 149
246 149
256 149
152 150
156 150
160 150
152 151
154 151
158 151
157 152
168 152
174 152
185 152
190 152
201 152
206 152
217 152
222 152
233 152
238 152
249 152
254 152
259 152
260 152
156 153
1 153
164 153
170 153
181 153
186 153
197 153
202 153
213 153
218 153
229 153
234 153
245 153
250 153
258 153
261 153
156 154
158 154
156 155
161 155
172 155
178 155
188 155
194 155
204 155
210 155
220 155
226 155
236 155
242 155
252 155
160 156
160 157
168 157
174 157
185 157
190 157
201 157
206 157
217 157
222 157
233 157
238 157
249 157
254 157
259 157
260 157
160 158
160 159
165 159
176 159
182 159
192 159
198 159
208 159
214 159
224 159
230 159
240 159
246 159
256 159
164 161
172 161
178 161
188 161
194 161
204 161
210 161
220 161
226 161
236 161
242 161
252 161
164 162
166 162
173 162
177 162
164 163
167 163
171 163
175 163
1 164
170 164
181 164
186 164
197 164
202 164
213 164
218 164
229 164
234 164
245 164
250 164
258 164
261 164
168 165
176 165
182 165
192 165
198 165
208 165
214 165
224 165
230 165
240 165
246 165
256 165
168 166
173 166
177 166
168 167
171 167
175 167
174 168
185 168
190 168
201 168
206 168
217 168
222 168
233 168
238 168
249 168
254 168
259 168
260 168
173 169
173 170
1 170
181 170
186 170
197 170
202 170
213 170
218 170
229 170
234 170
245 170
250 170
258 170
261 170
173 171
175 171
173 172
178 172
188 172
194 172
204 172
210 172
220 172
226 172
236 172
242 172
252 172
177 173
177 174
185 174
190 174
201 174
206 174
217 174
222 174
233 174
238 174
249 174
254 174
259 174
260 174
177 175
177 176
182 176
192 176
198 176
208 176
214 176
224 176
230 176
240 176
246 176
256 176
181 178
188 178
194 178
204 178
210 178
220 178
226 178
236 178
242 178
252 178
181 179
183 179
189 179
193 179
181 180
184 180
187 180
191 180
1 181
186 181
197 181
202 181
213 181
218 181
229 181
234 181
245 181
250 181
258 181
261 181
185 182
192 182
198 182
208 182
214 182
224 182
230 182
240 182
246 182
256 182
185 183
189 183
193 183
185 184
187 184
191 184
190 185
201 185
206 185
217 185
222 185
233 185
238 185
249 185
254 185
259 185
260 185
189 186
1 186
197 186
202 186
213 186
218 186
229 186
234 186
245 186
250 186
258 186
261 186
189 187
191 187
189 188
194 188
204 188
210 188
220 188
226 188
236 188
242 188
252 188
193 189
193 190
201 190
206 190
217 190
222 190
233 190
238 190
249 190
254 190
259 190
260 190
193 191
193 192
198 192
208 192
214 192
224 192
230 192
240 192
246 192
256 192
197 194
204 194
210 194
220 194
226 194
236 194
242 194
252 194
197 195
199 195
205 195
209 195
197 196
200 196
203 196
207 196
1 197
202 197
213 197
218 197
229 197
234 197
245 197
250 197
258 197
261 197
201 198
208 198
214 198
224 198
230 198
240 198
246 198
256 198
201 199
205 199
209 199
201 200
203 200
207 200
206 201
217 201
222 201
233 201
238 201
249 201
254 201
259 201
260 201
205 202
1 202
213 202
218 202
229 202
234 202
245 202
250 202
258 202
261 202
205 203
207 203
205 204
210 204
220 204
226 204
236 204
242 204
252 204
209 205
209 206
217 206
222 206
233 206
238 206
249 206
254 206
259 206
260 206
209 207
209 208
214 208
224 208
230 208
240 208
246 208
256 208
213 210
220 210
226 210
236 210
242 210
252 210
213 211
215 211
221 211
225 211
213 212
216 212
219 212
223 212
1 213
218 213
229 213
234 213
245 213
250 213
258 213
261 213
217 214
224 214
230 214
240 214
246 214
256 214
217 215
221 215
225 215
217 216
219 216
223 216
222 217
233 217
238 217
249 217
254 217
259 217
260 217
221 218
1 218
229 218
234 218
245 218
250 218
258 218
261 218
221 219
223 219
221 220
226 220
236 220
242 220
252 220
225 221
225 222
233 222
238 222
249 222
254 222
259 222
260 222
225 223
225 224
230 224
240 224
246 224
256 224
229 226
236 226
242 226
252 226
229 227
231 227
237 227
241 227
229 228
232 228
235 228
239 228
1 229
234 229
245 229
250 229
258 229
261 229
233 230
240 230
246 230
256 230
233 231
237 231
241 231
233 232
235 232
239 232
238 233
249 233
254 233
259 233
260 233
237 234
1 234
245 234
250 234
258 234
261 234
237 235
239 235
237 236
242 236
252 236
241 237
241 238
249 238
254 238
259 238
260 238
241 239
241 240
246 240
256 240
245 242
252 242
245 243
247 243
253 243
257 243
245 244
248 244
251 244
255 244
1 245
250 245
258 245
261 245
249 246
256 246
249 247
253 247
257 247
249 248
251 248
255 248
254 249
259 249
260 249
253 250
1 250
258 250
261 250
253 251
255 251
253 252
257 253
257 254
259 254
260 254
257 255
257 256
259 258
1 258
261 258
260 259
261 260
1 261
