2561
1 2
3 2
4 2
77 2
85 2
86 2
5 2
6 2
76 2
84 2
102 2
103 2
104 2
105 2
106 2
107 2
18 2
4 3
1 3
77 3
85 3
86 3
5 3
5 4
6 4
77 4
76 4
84 4
85 4
1 4
86 4
6 5
76 5
77 5
84 5
85 5
7 5
7 6
76 6
77 6
8 6
75 6
82 6
83 6
84 6
85 6
8 7
9 7
75 7
74 7
76 7
81 7
82 7
77 7
83 7
84 7
9 8
74 8
75 8
76 8
81 8
82 8
10 8
10 9
74 9
75 9
11 9
73 9
80 9
81 9
76 9
82 9
11 10
12 10
73 10
74 10
78 10
79 10
80 10
75 10
81 10
12 11
73 11
13 11
78 11
74 11
79 11
80 11
13 12
73 12
78 12
14 12
87 12
74 12
79 12
80 12
88 12
14 13
15 13
87 13
108 13
73 13
78 13
79 13
88 13
109 13
15 14
16 14
87 14
108 14
109 14
148 14
208 14
78 14
88 14
16 15
108 15
17 15
208 15
87 15
109 15
148 15
108 16
87 16
109 16
148 16
208 16
17 16
147 16
201 16
209 16
18 16
108 17
147 17
148 17
201 17
208 17
209 17
18 17
1 17
107 17
106 17
146 17
1 18
107 18
147 18
86 18
106 18
146 18
201 18
208 18
61 19
62 19
302 19
303 19
212 19
213 19
259 19
260 19
304 19
305 19
69 19
261 19
20 19
67 19
68 19
262 19
243 19
244 19
245 19
21 19
21 20
261 20
262 20
62 20
213 20
260 20
303 20
304 20
22 20
263 20
67 20
68 20
69 20
66 20
261 21
262 21
66 21
67 21
263 21
22 21
65 21
264 21
23 21
23 22
65 22
263 22
264 22
265 22
24 22
262 22
66 22
263 23
264 23
24 23
265 23
25 23
266 23
65 23
64 23
25 24
26 24
266 24
267 24
64 24
65 24
264 24
265 24
63 24
265 25
266 25
26 25
63 25
257 25
267 25
268 25
27 25
64 25
27 26
267 26
268 26
28 26
269 26
63 26
257 26
266 26
255 26
256 26
28 27
29 27
269 27
270 27
255 27
256 27
257 27
267 27
268 27
254 27
29 28
269 28
270 28
30 28
271 28
254 28
255 28
268 28
253 28
253 29
254 29
269 29
270 29
271 29
30 29
252 29
272 29
31 29
31 30
271 30
272 30
32 30
273 30
252 30
253 30
270 30
32 31
272 31
273 31
33 31
274 31
252 31
271 31
214 31
214 32
252 32
272 32
273 32
274 32
33 32
215 32
275 32
34 32
273 33
274 33
34 33
275 33
35 33
276 33
214 33
215 33
216 33
35 34
275 34
276 34
36 34
277 34
215 34
216 34
274 34
217 34
218 34
216 35
217 35
218 35
275 35
276 35
277 35
36 35
278 35
37 35
37 36
277 36
278 36
276 36
38 36
279 36
218 36
219 36
220 36
38 37
278 37
279 37
277 37
39 37
280 37
218 37
219 37
220 37
221 37
220 38
221 38
278 38
279 38
280 38
39 38
222 38
281 38
40 38
40 39
280 39
281 39
41 39
282 39
221 39
222 39
279 39
223 39
41 40
281 40
282 40
42 40
222 40
223 40
280 40
283 40
281 41
282 41
42 41
223 41
283 41
43 41
43 42
282 42
283 42
44 42
284 42
223 42
281 42
224 42
44 43
45 43
284 43
285 43
223 43
224 43
282 43
283 43
225 43
45 44
225 44
226 44
284 44
285 44
286 44
46 44
283 44
224 44
46 45
285 45
286 45
47 45
287 45
225 45
226 45
284 45
227 45
228 45
47 46
48 46
287 46
288 46
226 46
227 46
228 46
285 46
286 46
229 46
48 47
229 47
230 47
287 47
288 47
289 47
49 47
228 47
286 47
49 48
288 48
289 48
50 48
290 48
229 48
230 48
287 48
231 48
50 49
51 49
290 49
291 49
288 49
289 49
230 49
231 49
51 50
231 50
232 50
290 50
291 50
292 50
52 50
289 50
52 51
291 51
292 51
290 51
53 51
293 51
231 51
232 51
233 51
53 52
54 52
293 52
294 52
232 52
233 52
291 52
292 52
234 52
54 53
234 53
235 53
293 53
294 53
295 53
292 53
55 53
233 53
55 54
294 54
295 54
293 54
56 54
296 54
234 54
235 54
236 54
237 54
56 55
57 55
296 55
297 55
235 55
236 55
237 55
294 55
295 55
238 55
57 56
238 56
239 56
296 56
297 56
298 56
58 56
237 56
295 56
296 57
297 57
58 57
298 57
59 57
299 57
238 57
239 57
240 57
297 58
298 58
59 58
299 58
60 58
300 58
239 58
240 58
241 58
60 59
241 59
299 59
300 59
301 59
298 59
61 59
240 59
61 60
300 60
301 60
62 60
302 60
241 60
299 60
242 60
62 61
301 61
302 61
303 61
241 61
242 61
300 61
243 61
213 62
260 62
261 62
303 62
304 62
301 62
302 62
243 62
244 62
245 62
242 62
64 63
265 63
266 63
267 63
257 63
268 63
159 63
160 63
65 63
157 63
158 63
117 63
161 63
256 63
117 64
158 64
159 64
160 64
65 64
157 64
265 64
266 64
257 64
267 64
66 64
263 64
264 64
115 64
116 64
156 64
157 65
158 65
159 65
265 65
266 65
66 65
262 65
263 65
264 65
67 65
156 65
115 65
116 65
115 66
116 66
156 66
157 66
158 66
67 66
261 66
262 66
263 66
264 66
265 66
68 66
154 66
155 66
114 66
113 67
114 67
154 67
155 67
156 67
115 67
157 67
68 67
69 67
260 67
261 67
262 67
263 67
153 67
69 68
113 68
153 68
154 68
155 68
261 68
260 68
262 68
156 68
70 68
259 68
70 69
71 69
212 69
213 69
258 69
259 69
260 69
261 69
262 69
154 69
153 69
113 69
152 69
155 69
71 70
212 70
213 70
258 70
259 70
260 70
153 70
154 70
261 70
72 70
151 70
152 70
113 70
72 71
212 71
250 71
251 71
258 71
259 71
151 71
152 71
153 71
213 71
260 71
150 71
203 71
206 71
111 71
112 71
113 71
154 71
202 72
203 72
206 72
210 72
211 72
250 72
251 72
258 72
212 72
259 72
151 72
152 72
153 72
150 72
110 72
111 72
149 72
112 72
78 73
79 73
80 73
88 73
89 73
90 73
91 73
92 73
74 73
81 73
93 73
94 73
75 73
87 73
78 74
79 74
80 74
75 74
81 74
76 74
82 74
92 74
93 74
94 74
95 74
96 74
76 75
81 75
82 75
80 75
77 75
83 75
84 75
94 75
95 75
96 75
97 75
98 75
81 76
82 76
83 76
96 76
97 76
98 76
84 76
99 76
100 76
77 76
85 76
101 76
102 76
84 77
85 77
1 77
86 77
82 77
83 77
100 77
101 77
102 77
103 77
104 77
105 77
79 78
87 78
88 78
80 78
89 78
90 78
91 78
92 78
108 78
109 78
80 79
88 79
89 79
90 79
91 79
92 79
87 79
109 79
110 79
111 79
112 79
113 79
114 79
115 79
116 79
117 79
118 79
93 79
119 79
120 79
81 79
94 79
81 80
92 80
93 80
94 80
82 80
95 80
96 80
91 80
118 80
119 80
120 80
121 80
122 80
123 80
124 80
88 80
89 80
90 80
93 81
94 81
95 81
122 81
123 81
124 81
82 81
92 81
96 81
97 81
125 81
126 81
83 81
98 81
96 82
97 82
98 82
126 82
127 82
128 82
83 82
99 82
129 82
130 82
84 82
100 82
95 82
124 82
125 82
94 82
84 83
99 83
100 83
101 83
131 83
132 83
98 83
85 83
102 83
97 83
128 83
129 83
130 83
96 83
85 84
100 84
101 84
102 84
86 84
103 84
104 84
105 84
99 84
131 84
132 84
98 84
133 84
134 84
135 84
136 84
86 85
102 85
103 85
104 85
105 85
1 85
106 85
107 85
101 85
134 85
135 85
136 85
137 85
138 85
139 85
100 85
140 85
141 85
142 85
143 85
144 85
145 85
1 86
105 86
106 86
107 86
104 86
144 86
145 86
102 86
103 86
146 86
147 86
88 87
108 87
109 87
89 87
148 87
208 87
110 87
149 87
89 88
109 88
90 88
110 88
111 88
108 88
148 88
149 88
91 88
92 88
109 89
90 89
110 89
111 89
91 89
112 89
113 89
114 89
115 89
116 89
108 89
148 89
149 89
150 89
92 89
151 89
91 90
92 90
116 90
117 90
118 90
109 90
110 90
111 90
112 90
150 90
151 90
113 90
152 90
114 90
153 90
154 90
155 90
115 90
156 90
157 90
158 90
92 91
93 91
118 91
119 91
120 91
111 91
112 91
113 91
114 91
115 91
116 91
117 91
157 91
158 91
159 91
160 91
161 91
162 91
163 91
116 92
117 92
118 92
93 92
119 92
120 92
121 92
164 92
165 92
166 92
94 92
122 92
161 92
162 92
163 92
94 93
120 93
121 93
122 93
95 93
123 93
124 93
118 93
119 93
164 93
165 93
166 93
95 94
96 94
122 94
123 94
124 94
166 94
167 94
168 94
169 94
125 94
170 94
171 94
120 94
121 94
96 95
124 95
97 95
125 95
126 95
123 95
169 95
170 95
171 95
122 95
97 96
98 96
126 96
127 96
128 96
123 96
124 96
125 96
169 96
170 96
171 96
172 96
173 96
174 96
98 97
126 97
127 97
128 97
99 97
129 97
130 97
124 97
125 97
174 97
175 97
99 98
128 98
129 98
130 98
126 98
127 98
100 98
131 98
174 98
175 98
176 98
177 98
178 98
100 99
101 99
131 99
132 99
129 99
130 99
176 99
177 99
178 99
179 99
180 99
128 99
101 100
131 100
132 100
130 100
102 100
133 100
134 100
178 100
179 100
180 100
181 100
182 100
102 101
131 101
132 101
133 101
180 101
181 101
182 101
134 101
183 101
135 101
103 101
136 101
103 102
134 102
135 102
136 102
104 102
137 102
138 102
139 102
132 102
133 102
183 102
105 102
184 102
185 102
104 103
105 103
139 103
140 103
141 103
142 103
143 103
144 103
135 103
136 103
137 103
185 103
134 103
138 103
186 103
187 103
188 103
189 103
190 103
191 103
192 103
140 104
141 104
142 104
193 104
194 104
143 104
195 104
196 104
197 104
144 104
198 104
199 104
105 104
145 104
139 104
106 104
138 104
191 104
192 104
136 104
137 104
1 105
106 105
107 105
144 105
145 105
146 105
147 105
143 105
199 105
200 105
139 105
140 105
141 105
142 105
107 106
145 106
146 106
147 106
1 106
144 106
199 106
200 106
201 106
208 106
145 107
146 107
147 107
1 107
201 107
208 107
109 108
148 108
149 108
202 108
208 108
209 108
147 108
201 108
110 108
148 109
208 109
110 109
149 109
111 109
150 109
202 109
209 109
203 109
111 110
149 110
150 110
151 110
203 110
148 110
112 110
202 110
112 111
150 111
151 111
113 111
114 111
115 111
116 111
149 111
152 111
203 111
150 112
151 112
113 112
114 112
115 112
116 112
152 112
153 112
154 112
155 112
114 113
152 113
153 113
154 113
155 113
151 113
115 113
156 113
116 113
154 114
155 114
156 114
115 114
157 114
116 114
152 114
153 114
116 115
156 115
157 115
117 115
158 115
155 115
117 116
118 116
157 116
158 116
159 116
160 116
161 116
156 116
118 117
158 117
159 117
160 117
161 117
119 117
162 117
163 117
157 117
257 117
254 117
255 117
256 117
161 118
162 118
163 118
254 118
119 118
164 118
120 118
160 118
255 118
256 118
257 118
158 118
159 118
161 119
162 119
163 119
120 119
164 119
121 119
165 119
166 119
254 119
253 119
164 120
165 120
166 120
214 120
252 120
253 120
121 120
122 120
123 120
167 120
163 120
254 120
122 121
166 121
123 121
164 121
165 121
167 121
214 121
166 122
123 122
124 122
167 122
168 122
169 122
165 122
214 122
124 123
125 123
169 123
170 123
171 123
166 123
167 123
168 123
165 123
214 123
215 123
216 123
217 123
169 124
170 124
171 124
217 124
218 124
219 124
125 124
172 124
220 124
166 124
167 124
168 124
126 124
173 124
174 124
216 124
126 125
171 125
172 125
173 125
174 125
127 125
170 125
219 125
220 125
221 125
222 125
128 125
175 125
169 125
127 126
128 126
174 126
173 126
175 126
222 126
171 126
172 126
128 127
174 127
129 127
175 127
173 127
222 127
129 128
130 128
174 128
175 128
176 128
173 128
222 128
223 128
224 128
130 129
131 129
176 129
177 129
178 129
174 129
175 129
222 129
223 129
224 129
225 129
131 130
176 130
177 130
178 130
132 130
179 130
180 130
175 130
224 130
225 130
226 130
132 131
178 131
179 131
180 131
133 131
181 131
182 131
177 131
225 131
226 131
227 131
228 131
229 131
176 131
180 132
181 132
182 132
229 132
133 132
183 132
230 132
178 132
179 132
134 132
228 132
180 133
181 133
182 133
134 133
183 133
135 133
229 133
230 133
184 133
231 133
135 134
136 134
183 134
184 134
185 134
182 134
230 134
231 134
183 135
136 135
184 135
185 135
137 135
182 135
230 135
231 135
232 135
233 135
186 135
137 136
138 136
185 136
186 136
187 136
188 136
139 136
184 136
233 136
183 136
138 137
185 137
186 137
187 137
188 137
139 137
189 137
190 137
191 137
184 137
233 137
234 137
235 137
236 137
188 138
189 138
190 138
236 138
237 138
238 138
191 138
239 138
139 138
192 138
185 138
186 138
187 138
140 138
140 139
191 139
192 139
188 139
189 139
190 139
141 139
193 139
142 139
143 139
144 139
239 139
240 139
141 140
142 140
193 140
194 140
191 140
192 140
239 140
240 140
241 140
242 140
143 140
144 140
142 141
143 141
144 141
193 141
194 141
195 141
196 141
197 141
192 141
240 141
241 141
242 141
143 142
144 142
193 142
194 142
195 142
242 142
196 142
243 142
244 142
197 142
246 142
247 142
198 142
199 142
144 143
145 143
198 143
199 143
200 143
204 143
248 143
197 143
196 143
247 143
194 143
195 143
145 144
199 144
146 144
200 144
198 144
204 144
248 144
197 144
199 145
146 145
147 145
200 145
201 145
198 145
204 145
248 145
205 145
147 146
201 146
208 146
199 146
200 146
204 146
205 146
209 146
201 147
208 147
1 147
200 147
205 147
209 147
148 147
149 148
202 148
208 148
209 148
150 148
203 148
206 148
210 148
201 148
205 148
150 149
202 149
203 149
151 149
208 149
209 149
206 149
210 149
151 150
203 150
202 150
152 150
206 150
250 150
258 150
152 151
153 151
258 151
259 151
203 151
206 151
250 151
153 152
258 152
259 152
154 152
155 152
154 153
155 153
258 153
259 153
260 153
261 153
259 154
260 154
261 154
155 154
156 154
262 154
156 155
157 155
261 155
262 155
157 156
262 156
263 156
158 156
261 156
158 157
159 157
265 157
266 157
263 157
264 157
262 157
159 158
265 158
266 158
160 158
161 158
265 159
266 159
160 159
257 159
267 159
161 159
161 160
257 160
266 160
267 160
162 160
254 160
255 160
256 160
268 160
162 161
254 161
255 161
256 161
257 161
163 161
164 161
253 161
269 161
270 161
268 161
267 161
163 162
164 162
253 162
254 162
255 162
269 162
270 162
256 162
257 162
164 163
254 163
165 163
253 163
255 163
269 163
270 163
254 164
165 164
253 164
166 164
214 164
252 164
270 164
271 164
255 164
269 164
166 165
214 165
252 165
253 165
167 165
215 165
273 165
274 165
271 165
272 165
254 165
270 165
167 166
214 166
168 166
215 166
216 166
252 166
273 166
274 166
169 166
253 166
168 167
169 167
216 167
214 167
215 167
252 167
273 167
274 167
275 167
217 167
276 167
169 168
216 168
170 168
217 168
215 168
275 168
276 168
214 168
215 169
216 169
217 169
275 169
276 169
170 169
218 169
171 169
219 169
171 170
216 170
217 170
218 170
219 170
172 170
220 170
276 170
277 170
278 170
172 171
219 171
220 171
173 171
174 171
217 171
218 171
278 171
221 171
279 171
219 172
220 172
173 172
174 172
221 172
222 172
278 172
279 172
174 173
220 173
221 173
222 173
175 173
219 173
278 173
279 173
280 173
223 173
281 173
175 174
222 174
176 174
223 174
224 174
221 174
280 174
281 174
220 174
176 175
222 175
223 175
224 175
177 175
225 175
221 175
280 175
281 175
282 175
283 175
284 175
177 176
178 176
222 176
223 176
224 176
225 176
283 176
284 176
226 176
285 176
178 177
224 177
225 177
179 177
226 177
284 177
285 177
179 178
225 178
226 178
180 178
227 178
228 178
224 178
284 178
285 178
286 178
180 179
226 179
227 179
228 179
225 179
181 179
229 179
285 179
286 179
287 179
226 180
227 180
228 180
181 180
229 180
182 180
286 180
287 180
230 180
288 180
182 181
229 181
183 181
230 181
228 181
287 181
288 181
228 182
229 182
230 182
287 182
288 182
183 182
231 182
289 182
184 182
184 183
230 183
231 183
229 183
185 183
232 183
233 183
288 183
289 183
290 183
291 183
185 184
186 184
233 184
230 184
231 184
232 184
289 184
290 184
291 184
292 184
234 184
293 184
186 185
233 185
187 185
234 185
188 185
232 185
292 185
293 185
231 185
233 186
187 186
234 186
188 186
235 186
236 186
232 186
292 186
293 186
294 186
188 187
189 187
235 187
236 187
237 187
295 187
234 187
233 187
293 187
294 187
189 188
236 188
234 188
235 188
190 188
237 188
238 188
295 188
191 188
190 189
236 189
237 189
238 189
191 189
239 189
235 189
295 189
296 189
297 189
191 190
238 190
239 190
192 190
236 190
237 190
296 190
297 190
240 190
298 190
192 191
239 191
193 191
240 191
238 191
297 191
298 191
193 192
239 192
240 192
194 192
241 192
242 192
238 192
297 192
298 192
299 192
240 193
241 193
242 193
299 193
300 193
301 193
194 193
195 193
243 193
302 193
239 193
298 193
240 194
241 194
242 194
195 194
196 194
243 194
244 194
301 194
302 194
197 194
242 195
243 195
244 195
302 195
303 195
196 195
245 195
246 195
197 195
247 195
241 195
301 195
197 196
244 196
246 196
247 196
242 196
243 196
198 196
245 196
303 196
305 196
248 196
306 196
198 197
246 197
247 197
248 197
305 197
306 197
199 197
244 197
199 198
247 198
248 198
200 198
204 198
246 198
305 198
306 198
207 198
249 198
200 199
204 199
248 199
201 199
205 199
207 199
247 199
249 199
306 199
201 200
204 200
205 200
208 200
209 200
207 200
248 200
210 200
202 201
205 201
208 201
209 201
210 201
204 201
207 201
203 202
206 202
209 202
210 202
211 202
250 202
205 202
208 202
207 202
206 203
250 203
258 203
210 203
211 203
209 203
205 204
207 204
209 204
210 204
211 204
248 204
249 204
247 204
306 204
207 205
209 205
210 205
206 205
211 205
208 205
248 205
249 205
209 206
210 206
211 206
250 206
207 206
249 206
251 206
258 206
210 207
211 207
249 207
250 207
251 207
247 207
248 207
306 207
209 207
212 207
209 208
210 208
210 209
211 209
211 210
248 210
249 210
250 210
251 210
249 211
250 211
251 211
212 211
248 211
306 211
258 211
213 212
245 212
246 212
247 212
304 212
305 212
306 212
248 212
249 212
251 212
258 212
259 212
260 212
250 212
259 213
260 213
304 213
305 213
249 213
251 213
258 213
306 213
261 213
245 213
303 213
246 213
247 213
252 214
253 214
271 214
272 214
273 214
274 214
215 214
275 214
216 214
216 215
274 215
275 215
217 215
276 215
273 215
252 215
217 216
275 216
276 216
218 216
274 216
277 216
218 217
275 217
276 217
277 217
219 217
278 217
219 218
276 218
277 218
278 218
220 218
275 218
279 218
220 219
277 219
278 219
279 219
221 219
276 219
221 220
278 220
279 220
222 220
280 220
277 220
222 221
279 221
280 221
278 221
281 221
223 221
279 222
280 222
223 222
224 222
281 222
282 222
283 222
281 223
282 223
283 223
224 223
284 223
280 223
225 223
225 224
283 224
284 224
281 224
282 224
226 224
285 224
226 225
284 225
285 225
286 225
227 225
283 225
227 226
285 226
286 226
228 226
284 226
287 226
228 227
286 227
229 227
287 227
285 227
229 228
230 228
287 228
288 228
286 228
285 228
230 229
287 229
288 229
286 229
231 229
289 229
231 230
288 230
289 230
232 230
290 230
291 230
287 230
232 231
289 231
290 231
291 231
292 231
288 231
233 231
233 232
289 232
290 232
291 232
292 232
234 232
293 232
291 233
292 233
293 233
234 233
294 233
235 233
292 234
293 234
235 234
236 234
294 234
295 234
236 235
294 235
295 235
237 235
293 235
296 235
294 236
295 236
237 236
238 236
296 236
238 237
295 237
296 237
297 237
239 237
294 237
239 238
296 238
297 238
240 238
298 238
295 238
240 239
297 239
298 239
296 239
241 239
299 239
241 240
298 240
299 240
242 240
300 240
301 240
297 240
242 241
300 241
301 241
302 241
299 241
298 241
243 241
299 242
300 242
301 242
243 242
302 242
244 242
303 242
301 243
302 243
303 243
244 243
245 243
304 243
246 243
302 244
303 244
246 244
247 244
245 244
304 244
305 244
246 245
247 245
305 245
302 245
303 245
304 245
306 245
247 246
305 246
248 246
306 246
303 246
304 246
304 247
305 247
306 247
248 247
249 247
305 248
306 248
249 248
251 248
251 249
306 249
258 249
259 249
305 249
250 249
251 250
258 250
259 250
306 251
258 251
259 251
305 251
253 252
271 252
272 252
273 252
270 252
274 252
254 252
271 253
272 253
273 253
254 253
270 253
255 253
269 253
255 254
256 254
257 254
268 254
269 254
270 254
271 254
256 255
268 255
269 255
257 255
270 255
267 255
257 256
268 256
267 256
269 256
268 257
266 257
267 257
269 257
259 258
305 258
306 258
260 258
260 259
261 259
304 259
305 259
306 259
261 260
262 260
304 260
305 260
303 260
262 261
263 261
303 261
304 261
263 262
264 262
264 263
265 263
265 264
266 264
266 265
267 265
267 266
268 266
268 267
269 267
269 268
270 268
270 269
271 269
271 270
272 270
272 271
273 271
273 272
274 272
274 273
275 273
275 274
276 274
276 275
277 275
277 276
278 276
278 277
279 277
279 278
280 278
280 279
281 279
281 280
282 280
282 281
283 281
283 282
284 282
284 283
285 283
285 284
286 284
286 285
287 285
287 286
288 286
288 287
289 287
289 288
290 288
290 289
291 289
291 290
292 290
292 291
293 291
293 292
294 292
294 293
295 293
295 294
296 294
296 295
297 295
297 296
298 296
298 297
299 297
299 298
300 298
300 299
301 299
301 300
302 300
302 301
303 301
303 302
304 302
304 303
305 303
305 304
306 304
306 305
