378
35 2
34 2
32 2
30 2
28 2
26 2
25 2
24 2
23 2
22 2
20 2
19 2
18 2
17 2
15 2
13 2
12 2
11 2
10 2
8 2
6 2
35 3
34 3
31 3
29 3
28 3
27 3
25 3
24 3
23 3
21 3
20 3
19 3
18 3
16 3
15 3
13 3
12 3
11 3
9 3
8 3
6 3
35 4
33 4
32 4
31 4
30 4
27 4
25 4
24 4
22 4
21 4
20 4
18 4
17 4
16 4
15 4
13 4
12 4
10 4
9 4
8 4
6 4
35 5
33 5
32 5
31 5
29 5
28 5
26 5
23 5
22 5
21 5
20 5
19 5
17 5
16 5
15 5
13 5
11 5
10 5
9 5
8 5
6 5
34 6
33 6
32 6
31 6
30 6
29 6
28 6
27 6
26 6
25 6
23 6
22 6
21 6
20 6
18 6
7 6
1 6
34 7
33 7
32 7
31 7
30 7
29 7
28 7
27 7
26 7
25 7
24 7
19 7
17 7
16 7
15 7
12 7
11 7
10 7
9 7
8 7
35 8
34 8
33 8
30 8
29 8
27 8
26 8
24 8
23 8
22 8
21 8
19 8
18 8
17 8
16 8
14 8
35 9
34 9
32 9
30 9
28 9
26 9
25 9
24 9
23 9
22 9
20 9
19 9
18 9
17 9
15 9
14 9
1 9
35 10
34 10
31 10
29 10
28 10
27 10
25 10
24 10
23 10
21 10
20 10
19 10
18 10
16 10
15 10
14 10
1 10
35 11
33 11
32 11
31 11
30 11
27 11
25 11
24 11
22 11
21 11
20 11
18 11
17 11
16 11
15 11
14 11
1 11
35 12
33 12
32 12
31 12
29 12
28 12
26 12
23 12
22 12
21 12
20 12
19 12
17 12
16 12
15 12
14 12
1 12
34 13
33 13
32 13
31 13
30 13
29 13
28 13
27 13
26 13
25 13
24 13
19 13
17 13
16 13
15 13
14 13
1 13
34 14
33 14
32 14
31 14
30 14
29 14
28 14
27 14
26 14
25 14
23 14
22 14
21 14
20 14
18 14
36 15
34 15
33 15
30 15
29 15
27 15
26 15
23 15
22 15
21 15
18 15
36 16
34 16
32 16
30 16
28 16
26 16
25 16
23 16
22 16
20 16
18 16
1 16
36 17
34 17
31 17
29 17
28 17
27 17
25 17
23 17
21 17
20 17
18 17
1 17
36 18
33 18
32 18
31 18
29 18
28 18
26 18
19 18
1 18
36 19
33 19
32 19
31 19
30 19
27 19
25 19
22 19
21 19
20 19
1 19
36 20
34 20
33 20
30 20
29 20
27 20
26 20
24 20
36 21
34 21
32 21
30 21
28 21
26 21
25 21
24 21
1 21
36 22
34 22
31 22
29 22
28 22
27 22
25 22
24 22
1 22
36 23
33 23
32 23
31 23
30 23
27 23
25 23
24 23
1 23
36 24
33 24
32 24
31 24
29 24
28 24
26 24
1 24
36 25
35 25
33 25
29 25
26 25
36 26
35 26
31 26
27 26
1 26
36 27
35 27
32 27
28 27
1 27
36 28
35 28
33 28
30 28
36 29
35 29
32 29
30 29
1 29
36 30
35 30
31 30
1 30
36 31
35 31
34 31
36 32
35 32
34 32
36 33
35 33
34 33
1 33
36 34
35 34
1 34
36 35
1 35
