3150
127 2
132 2
133 2
134 2
135 2
57 2
62 2
63 2
64 2
65 2
22 2
27 2
28 2
29 2
30 2
7 2
12 2
13 2
14 2
15 2
1 2
3 2
4 2
5 2
6 2
128 3
132 3
136 3
137 3
138 3
58 3
62 3
66 3
67 3
68 3
23 3
27 3
31 3
32 3
33 3
8 3
12 3
16 3
17 3
18 3
1 3
4 3
5 3
6 3
129 4
133 4
136 4
139 4
140 4
59 4
63 4
66 4
69 4
70 4
24 4
28 4
31 4
34 4
35 4
9 4
13 4
16 4
19 4
20 4
1 4
5 4
6 4
130 5
134 5
137 5
139 5
141 5
60 5
64 5
67 5
69 5
71 5
25 5
29 5
32 5
34 5
36 5
10 5
14 5
17 5
19 5
21 5
1 5
6 5
131 6
135 6
138 6
140 6
141 6
61 6
65 6
68 6
70 6
71 6
26 6
30 6
33 6
35 6
36 6
11 6
15 6
18 6
20 6
21 6
1 6
127 7
142 7
143 7
144 7
145 7
57 7
72 7
73 7
74 7
75 7
22 7
37 7
38 7
39 7
40 7
12 7
13 7
14 7
15 7
1 7
8 7
9 7
10 7
11 7
128 8
142 8
146 8
147 8
148 8
58 8
72 8
76 8
77 8
78 8
23 8
37 8
41 8
42 8
43 8
12 8
16 8
17 8
18 8
1 8
9 8
10 8
11 8
129 9
143 9
146 9
149 9
150 9
59 9
73 9
76 9
79 9
80 9
24 9
38 9
41 9
44 9
45 9
13 9
16 9
19 9
20 9
1 9
10 9
11 9
130 10
144 10
147 10
149 10
151 10
60 10
74 10
77 10
79 10
81 10
25 10
39 10
42 10
44 10
46 10
14 10
17 10
19 10
21 10
1 10
11 10
131 11
145 11
148 11
150 11
151 11
61 11
75 11
78 11
80 11
81 11
26 11
40 11
43 11
45 11
46 11
15 11
18 11
20 11
21 11
1 11
132 12
142 12
152 12
153 12
154 12
62 12
72 12
82 12
83 12
84 12
27 12
37 12
47 12
48 12
49 12
16 12
17 12
18 12
13 12
14 12
15 12
133 13
143 13
152 13
155 13
156 13
63 13
73 13
82 13
85 13
86 13
28 13
38 13
47 13
50 13
51 13
16 13
19 13
20 13
14 13
15 13
134 14
144 14
153 14
155 14
157 14
64 14
74 14
83 14
85 14
87 14
29 14
39 14
48 14
50 14
52 14
17 14
19 14
21 14
15 14
135 15
145 15
154 15
156 15
157 15
65 15
75 15
84 15
86 15
87 15
30 15
40 15
49 15
51 15
52 15
18 15
20 15
21 15
136 16
146 16
152 16
158 16
159 16
66 16
76 16
82 16
88 16
89 16
31 16
41 16
47 16
53 16
54 16
19 16
20 16
17 16
18 16
137 17
147 17
153 17
158 17
160 17
67 17
77 17
83 17
88 17
90 17
32 17
42 17
48 17
53 17
55 17
19 17
21 17
18 17
138 18
148 18
154 18
159 18
160 18
68 18
78 18
84 18
89 18
90 18
33 18
43 18
49 18
54 18
55 18
20 18
21 18
139 19
149 19
155 19
158 19
161 19
69 19
79 19
85 19
88 19
91 19
34 19
44 19
50 19
53 19
56 19
21 19
20 19
140 20
150 20
156 20
159 20
161 20
70 20
80 20
86 20
89 20
91 20
35 20
45 20
51 20
54 20
56 20
21 20
141 21
151 21
157 21
160 21
161 21
71 21
81 21
87 21
90 21
91 21
36 21
46 21
52 21
55 21
56 21
127 22
162 22
163 22
164 22
165 22
57 22
92 22
93 22
94 22
95 22
37 22
38 22
39 22
40 22
27 22
28 22
29 22
30 22
1 22
23 22
24 22
25 22
26 22
128 23
162 23
166 23
167 23
168 23
58 23
92 23
96 23
97 23
98 23
37 23
41 23
42 23
43 23
27 23
31 23
32 23
33 23
1 23
24 23
25 23
26 23
129 24
163 24
166 24
169 24
170 24
59 24
93 24
96 24
99 24
100 24
38 24
41 24
44 24
45 24
28 24
31 24
34 24
35 24
1 24
25 24
26 24
130 25
164 25
167 25
169 25
171 25
60 25
94 25
97 25
99 25
101 25
39 25
42 25
44 25
46 25
29 25
32 25
34 25
36 25
1 25
26 25
131 26
165 26
168 26
170 26
171 26
61 26
95 26
98 26
100 26
101 26
40 26
43 26
45 26
46 26
30 26
33 26
35 26
36 26
1 26
132 27
162 27
172 27
173 27
174 27
62 27
92 27
102 27
103 27
104 27
37 27
47 27
48 27
49 27
31 27
32 27
33 27
28 27
29 27
30 27
133 28
163 28
172 28
175 28
176 28
63 28
93 28
102 28
105 28
106 28
38 28
47 28
50 28
51 28
31 28
34 28
35 28
29 28
30 28
134 29
164 29
173 29
175 29
177 29
64 29
94 29
103 29
105 29
107 29
39 29
48 29
50 29
52 29
32 29
34 29
36 29
30 29
135 30
165 30
174 30
176 30
177 30
65 30
95 30
104 30
106 30
107 30
40 30
49 30
51 30
52 30
33 30
35 30
36 30
136 31
166 31
172 31
178 31
179 31
66 31
96 31
102 31
108 31
109 31
41 31
47 31
53 31
54 31
34 31
35 31
32 31
33 31
137 32
167 32
173 32
178 32
180 32
67 32
97 32
103 32
108 32
110 32
42 32
48 32
53 32
55 32
34 32
36 32
33 32
138 33
168 33
174 33
179 33
180 33
68 33
98 33
104 33
109 33
110 33
43 33
49 33
54 33
55 33
35 33
36 33
139 34
169 34
175 34
178 34
181 34
69 34
99 34
105 34
108 34
111 34
44 34
50 34
53 34
56 34
36 34
35 34
140 35
170 35
176 35
179 35
181 35
70 35
100 35
106 35
109 35
111 35
45 35
51 35
54 35
56 35
36 35
141 36
171 36
177 36
180 36
181 36
71 36
101 36
107 36
110 36
111 36
46 36
52 36
55 36
56 36
142 37
162 37
182 37
183 37
184 37
72 37
92 37
112 37
113 37
114 37
47 37
48 37
49 37
41 37
42 37
43 37
38 37
39 37
40 37
143 38
163 38
182 38
185 38
186 38
73 38
93 38
112 38
115 38
116 38
47 38
50 38
51 38
41 38
44 38
45 38
39 38
40 38
144 39
164 39
183 39
185 39
187 39
74 39
94 39
113 39
115 39
117 39
48 39
50 39
52 39
42 39
44 39
46 39
40 39
145 40
165 40
184 40
186 40
187 40
75 40
95 40
114 40
116 40
117 40
49 40
51 40
52 40
43 40
45 40
46 40
146 41
166 41
182 41
188 41
189 41
76 41
96 41
112 41
118 41
119 41
47 41
53 41
54 41
44 41
45 41
42 41
43 41
147 42
167 42
183 42
188 42
190 42
77 42
97 42
113 42
118 42
120 42
48 42
53 42
55 42
44 42
46 42
43 42
148 43
168 43
184 43
189 43
190 43
78 43
98 43
114 43
119 43
120 43
49 43
54 43
55 43
45 43
46 43
149 44
169 44
185 44
188 44
191 44
79 44
99 44
115 44
118 44
121 44
50 44
53 44
56 44
46 44
45 44
150 45
170 45
186 45
189 45
191 45
80 45
100 45
116 45
119 45
121 45
51 45
54 45
56 45
46 45
151 46
171 46
187 46
190 46
191 46
81 46
101 46
117 46
120 46
121 46
52 46
55 46
56 46
152 47
172 47
182 47
192 47
193 47
82 47
102 47
112 47
122 47
123 47
53 47
54 47
50 47
51 47
48 47
49 47
153 48
173 48
183 48
192 48
194 48
83 48
103 48
113 48
122 48
124 48
53 48
55 48
50 48
52 48
49 48
154 49
174 49
184 49
193 49
194 49
84 49
104 49
114 49
123 49
124 49
54 49
55 49
51 49
52 49
155 50
175 50
185 50
192 50
195 50
85 50
105 50
115 50
122 50
125 50
53 50
56 50
52 50
51 50
156 51
176 51
186 51
193 51
195 51
86 51
106 51
116 51
123 51
125 51
54 51
56 51
52 51
157 52
177 52
187 52
194 52
195 52
87 52
107 52
117 52
124 52
125 52
55 52
56 52
158 53
178 53
188 53
192 53
196 53
88 53
108 53
118 53
122 53
126 53
56 53
55 53
54 53
159 54
179 54
189 54
193 54
196 54
89 54
109 54
119 54
123 54
126 54
56 54
55 54
160 55
180 55
190 55
194 55
196 55
90 55
110 55
120 55
124 55
126 55
56 55
161 56
181 56
191 56
195 56
196 56
91 56
111 56
121 56
125 56
126 56
127 57
197 57
198 57
199 57
200 57
92 57
93 57
94 57
95 57
72 57
73 57
74 57
75 57
62 57
63 57
64 57
65 57
1 57
58 57
59 57
60 57
61 57
128 58
197 58
201 58
202 58
203 58
92 58
96 58
97 58
98 58
72 58
76 58
77 58
78 58
62 58
66 58
67 58
68 58
1 58
59 58
60 58
61 58
129 59
198 59
201 59
204 59
205 59
93 59
96 59
99 59
100 59
73 59
76 59
79 59
80 59
63 59
66 59
69 59
70 59
1 59
60 59
61 59
130 60
199 60
202 60
204 60
206 60
94 60
97 60
99 60
101 60
74 60
77 60
79 60
81 60
64 60
67 60
69 60
71 60
1 60
61 60
131 61
200 61
203 61
205 61
206 61
95 61
98 61
100 61
101 61
75 61
78 61
80 61
81 61
65 61
68 61
70 61
71 61
1 61
132 62
197 62
207 62
208 62
209 62
92 62
102 62
103 62
104 62
72 62
82 62
83 62
84 62
66 62
67 62
68 62
63 62
64 62
65 62
133 63
198 63
207 63
210 63
211 63
93 63
102 63
105 63
106 63
73 63
82 63
85 63
86 63
66 63
69 63
70 63
64 63
65 63
134 64
199 64
208 64
210 64
212 64
94 64
103 64
105 64
107 64
74 64
83 64
85 64
87 64
67 64
69 64
71 64
65 64
135 65
200 65
209 65
211 65
212 65
95 65
104 65
106 65
107 65
75 65
84 65
86 65
87 65
68 65
70 65
71 65
136 66
201 66
207 66
213 66
214 66
96 66
102 66
108 66
109 66
76 66
82 66
88 66
89 66
69 66
70 66
67 66
68 66
137 67
202 67
208 67
213 67
215 67
97 67
103 67
108 67
110 67
77 67
83 67
88 67
90 67
69 67
71 67
68 67
138 68
203 68
209 68
214 68
215 68
98 68
104 68
109 68
110 68
78 68
84 68
89 68
90 68
70 68
71 68
139 69
204 69
210 69
213 69
216 69
99 69
105 69
108 69
111 69
79 69
85 69
88 69
91 69
71 69
70 69
140 70
205 70
211 70
214 70
216 70
100 70
106 70
109 70
111 70
80 70
86 70
89 70
91 70
71 70
141 71
206 71
212 71
215 71
216 71
101 71
107 71
110 71
111 71
81 71
87 71
90 71
91 71
142 72
197 72
217 72
218 72
219 72
92 72
112 72
113 72
114 72
82 72
83 72
84 72
76 72
77 72
78 72
73 72
74 72
75 72
143 73
198 73
217 73
220 73
221 73
93 73
112 73
115 73
116 73
82 73
85 73
86 73
76 73
79 73
80 73
74 73
75 73
144 74
199 74
218 74
220 74
222 74
94 74
113 74
115 74
117 74
83 74
85 74
87 74
77 74
79 74
81 74
75 74
145 75
200 75
219 75
221 75
222 75
95 75
114 75
116 75
117 75
84 75
86 75
87 75
78 75
80 75
81 75
146 76
201 76
217 76
223 76
224 76
96 76
112 76
118 76
119 76
82 76
88 76
89 76
79 76
80 76
77 76
78 76
147 77
202 77
218 77
223 77
225 77
97 77
113 77
118 77
120 77
83 77
88 77
90 77
79 77
81 77
78 77
148 78
203 78
219 78
224 78
225 78
98 78
114 78
119 78
120 78
84 78
89 78
90 78
80 78
81 78
149 79
204 79
220 79
223 79
226 79
99 79
115 79
118 79
121 79
85 79
88 79
91 79
81 79
80 79
150 80
205 80
221 80
224 80
226 80
100 80
116 80
119 80
121 80
86 80
89 80
91 80
81 80
151 81
206 81
222 81
225 81
226 81
101 81
117 81
120 81
121 81
87 81
90 81
91 81
152 82
207 82
217 82
227 82
228 82
102 82
112 82
122 82
123 82
88 82
89 82
85 82
86 82
83 82
84 82
153 83
208 83
218 83
227 83
229 83
103 83
113 83
122 83
124 83
88 83
90 83
85 83
87 83
84 83
154 84
209 84
219 84
228 84
229 84
104 84
114 84
123 84
124 84
89 84
90 84
86 84
87 84
155 85
210 85
220 85
227 85
230 85
105 85
115 85
122 85
125 85
88 85
91 85
87 85
86 85
156 86
211 86
221 86
228 86
230 86
106 86
116 86
123 86
125 86
89 86
91 86
87 86
157 87
212 87
222 87
229 87
230 87
107 87
117 87
124 87
125 87
90 87
91 87
158 88
213 88
223 88
227 88
231 88
108 88
118 88
122 88
126 88
91 88
90 88
89 88
159 89
214 89
224 89
228 89
231 89
109 89
119 89
123 89
126 89
91 89
90 89
160 90
215 90
225 90
229 90
231 90
110 90
120 90
124 90
126 90
91 90
161 91
216 91
226 91
230 91
231 91
111 91
121 91
125 91
126 91
162 92
197 92
232 92
233 92
234 92
112 92
113 92
114 92
102 92
103 92
104 92
96 92
97 92
98 92
93 92
94 92
95 92
163 93
198 93
232 93
235 93
236 93
112 93
115 93
116 93
102 93
105 93
106 93
96 93
99 93
100 93
94 93
95 93
164 94
199 94
233 94
235 94
237 94
113 94
115 94
117 94
103 94
105 94
107 94
97 94
99 94
101 94
95 94
165 95
200 95
234 95
236 95
237 95
114 95
116 95
117 95
104 95
106 95
107 95
98 95
100 95
101 95
166 96
201 96
232 96
238 96
239 96
112 96
118 96
119 96
102 96
108 96
109 96
99 96
100 96
97 96
98 96
167 97
202 97
233 97
238 97
240 97
113 97
118 97
120 97
103 97
108 97
110 97
99 97
101 97
98 97
168 98
203 98
234 98
239 98
240 98
114 98
119 98
120 98
104 98
109 98
110 98
100 98
101 98
169 99
204 99
235 99
238 99
241 99
115 99
118 99
121 99
105 99
108 99
111 99
101 99
100 99
170 100
205 100
236 100
239 100
241 100
116 100
119 100
121 100
106 100
109 100
111 100
101 100
171 101
206 101
237 101
240 101
241 101
117 101
120 101
121 101
107 101
110 101
111 101
172 102
207 102
232 102
242 102
243 102
112 102
122 102
123 102
108 102
109 102
105 102
106 102
103 102
104 102
173 103
208 103
233 103
242 103
244 103
113 103
122 103
124 103
108 103
110 103
105 103
107 103
104 103
174 104
209 104
234 104
243 104
244 104
114 104
123 104
124 104
109 104
110 104
106 104
107 104
175 105
210 105
235 105
242 105
245 105
115 105
122 105
125 105
108 105
111 105
107 105
106 105
176 106
211 106
236 106
243 106
245 106
116 106
123 106
125 106
109 106
111 106
107 106
177 107
212 107
237 107
244 107
245 107
117 107
124 107
125 107
110 107
111 107
178 108
213 108
238 108
242 108
246 108
118 108
122 108
126 108
111 108
110 108
109 108
179 109
214 109
239 109
243 109
246 109
119 109
123 109
126 109
111 109
110 109
180 110
215 110
240 110
244 110
246 110
120 110
124 110
126 110
111 110
181 111
216 111
241 111
245 111
246 111
121 111
125 111
126 111
182 112
217 112
232 112
247 112
248 112
122 112
123 112
118 112
119 112
115 112
116 112
113 112
114 112
183 113
218 113
233 113
247 113
249 113
122 113
124 113
118 113
120 113
115 113
117 113
114 113
184 114
219 114
234 114
248 114
249 114
123 114
124 114
119 114
120 114
116 114
117 114
185 115
220 115
235 115
247 115
250 115
122 115
125 115
118 115
121 115
117 115
116 115
186 116
221 116
236 116
248 116
250 116
123 116
125 116
119 116
121 116
117 116
187 117
222 117
237 117
249 117
250 117
124 117
125 117
120 117
121 117
188 118
223 118
238 118
247 118
251 118
122 118
126 118
121 118
120 118
119 118
189 119
224 119
239 119
248 119
251 119
123 119
126 119
121 119
120 119
190 120
225 120
240 120
249 120
251 120
124 120
126 120
121 120
191 121
226 121
241 121
250 121
251 121
125 121
126 121
192 122
227 122
242 122
247 122
252 122
126 122
125 122
124 122
123 122
193 123
228 123
243 123
248 123
252 123
126 123
125 123
124 123
194 124
229 124
244 124
249 124
252 124
126 124
125 124
195 125
230 125
245 125
250 125
252 125
126 125
196 126
231 126
246 126
251 126
252 126
197 127
198 127
199 127
200 127
162 127
163 127
164 127
165 127
142 127
143 127
144 127
145 127
132 127
133 127
134 127
135 127
1 127
128 127
129 127
130 127
131 127
197 128
201 128
202 128
203 128
162 128
166 128
167 128
168 128
142 128
146 128
147 128
148 128
132 128
136 128
137 128
138 128
1 128
129 128
130 128
131 128
198 129
201 129
204 129
205 129
163 129
166 129
169 129
170 129
143 129
146 129
149 129
150 129
133 129
136 129
139 129
140 129
1 129
130 129
131 129
199 130
202 130
204 130
206 130
164 130
167 130
169 130
171 130
144 130
147 130
149 130
151 130
134 130
137 130
139 130
141 130
1 130
131 130
200 131
203 131
205 131
206 131
165 131
168 131
170 131
171 131
145 131
148 131
150 131
151 131
135 131
138 131
140 131
141 131
1 131
197 132
207 132
208 132
209 132
162 132
172 132
173 132
174 132
142 132
152 132
153 132
154 132
136 132
137 132
138 132
133 132
134 132
135 132
198 133
207 133
210 133
211 133
163 133
172 133
175 133
176 133
143 133
152 133
155 133
156 133
136 133
139 133
140 133
134 133
135 133
199 134
208 134
210 134
212 134
164 134
173 134
175 134
177 134
144 134
153 134
155 134
157 134
137 134
139 134
141 134
135 134
200 135
209 135
211 135
212 135
165 135
174 135
176 135
177 135
145 135
154 135
156 135
157 135
138 135
140 135
141 135
201 136
207 136
213 136
214 136
166 136
172 136
178 136
179 136
146 136
152 136
158 136
159 136
139 136
140 136
137 136
138 136
202 137
208 137
213 137
215 137
167 137
173 137
178 137
180 137
147 137
153 137
158 137
160 137
139 137
141 137
138 137
203 138
209 138
214 138
215 138
168 138
174 138
179 138
180 138
148 138
154 138
159 138
160 138
140 138
141 138
204 139
210 139
213 139
216 139
169 139
175 139
178 139
181 139
149 139
155 139
158 139
161 139
141 139
140 139
205 140
211 140
214 140
216 140
170 140
176 140
179 140
181 140
150 140
156 140
159 140
161 140
141 140
206 141
212 141
215 141
216 141
171 141
177 141
180 141
181 141
151 141
157 141
160 141
161 141
197 142
217 142
218 142
219 142
162 142
182 142
183 142
184 142
152 142
153 142
154 142
146 142
147 142
148 142
143 142
144 142
145 142
198 143
217 143
220 143
221 143
163 143
182 143
185 143
186 143
152 143
155 143
156 143
146 143
149 143
150 143
144 143
145 143
199 144
218 144
220 144
222 144
164 144
183 144
185 144
187 144
153 144
155 144
157 144
147 144
149 144
151 144
145 144
200 145
219 145
221 145
222 145
165 145
184 145
186 145
187 145
154 145
156 145
157 145
148 145
150 145
151 145
201 146
217 146
223 146
224 146
166 146
182 146
188 146
189 146
152 146
158 146
159 146
149 146
150 146
147 146
148 146
202 147
218 147
223 147
225 147
167 147
183 147
188 147
190 147
153 147
158 147
160 147
149 147
151 147
148 147
203 148
219 148
224 148
225 148
168 148
184 148
189 148
190 148
154 148
159 148
160 148
150 148
151 148
204 149
220 149
223 149
226 149
169 149
185 149
188 149
191 149
155 149
158 149
161 149
151 149
150 149
205 150
221 150
224 150
226 150
170 150
186 150
189 150
191 150
156 150
159 150
161 150
151 150
206 151
222 151
225 151
226 151
171 151
187 151
190 151
191 151
157 151
160 151
161 151
207 152
217 152
227 152
228 152
172 152
182 152
192 152
193 152
158 152
159 152
155 152
156 152
153 152
154 152
208 153
218 153
227 153
229 153
173 153
183 153
192 153
194 153
158 153
160 153
155 153
157 153
154 153
209 154
219 154
228 154
229 154
174 154
184 154
193 154
194 154
159 154
160 154
156 154
157 154
210 155
220 155
227 155
230 155
175 155
185 155
192 155
195 155
158 155
161 155
157 155
156 155
211 156
221 156
228 156
230 156
176 156
186 156
193 156
195 156
159 156
161 156
157 156
212 157
222 157
229 157
230 157
177 157
187 157
194 157
195 157
160 157
161 157
213 158
223 158
227 158
231 158
178 158
188 158
192 158
196 158
161 158
160 158
159 158
214 159
224 159
228 159
231 159
179 159
189 159
193 159
196 159
161 159
160 159
215 160
225 160
229 160
231 160
180 160
190 160
194 160
196 160
161 160
216 161
226 161
230 161
231 161
181 161
191 161
195 161
196 161
197 162
232 162
233 162
234 162
182 162
183 162
184 162
172 162
173 162
174 162
166 162
167 162
168 162
163 162
164 162
165 162
198 163
232 163
235 163
236 163
182 163
185 163
186 163
172 163
175 163
176 163
166 163
169 163
170 163
164 163
165 163
199 164
233 164
235 164
237 164
183 164
185 164
187 164
173 164
175 164
177 164
167 164
169 164
171 164
165 164
200 165
234 165
236 165
237 165
184 165
186 165
187 165
174 165
176 165
177 165
168 165
170 165
171 165
201 166
232 166
238 166
239 166
182 166
188 166
189 166
172 166
178 166
179 166
169 166
170 166
167 166
168 166
202 167
233 167
238 167
240 167
183 167
188 167
190 167
173 167
178 167
180 167
169 167
171 167
168 167
203 168
234 168
239 168
240 168
184 168
189 168
190 168
174 168
179 168
180 168
170 168
171 168
204 169
235 169
238 169
241 169
185 169
188 169
191 169
175 169
178 169
181 169
171 169
170 169
205 170
236 170
239 170
241 170
186 170
189 170
191 170
176 170
179 170
181 170
171 170
206 171
237 171
240 171
241 171
187 171
190 171
191 171
177 171
180 171
181 171
207 172
232 172
242 172
243 172
182 172
192 172
193 172
178 172
179 172
175 172
176 172
173 172
174 172
208 173
233 173
242 173
244 173
183 173
192 173
194 173
178 173
180 173
175 173
177 173
174 173
209 174
234 174
243 174
244 174
184 174
193 174
194 174
179 174
180 174
176 174
177 174
210 175
235 175
242 175
245 175
185 175
192 175
195 175
178 175
181 175
177 175
176 175
211 176
236 176
243 176
245 176
186 176
193 176
195 176
179 176
181 176
177 176
212 177
237 177
244 177
245 177
187 177
194 177
195 177
180 177
181 177
213 178
238 178
242 178
246 178
188 178
192 178
196 178
181 178
180 178
179 178
214 179
239 179
243 179
246 179
189 179
193 179
196 179
181 179
180 179
215 180
240 180
244 180
246 180
190 180
194 180
196 180
181 180
216 181
241 181
245 181
246 181
191 181
195 181
196 181
217 182
232 182
247 182
248 182
192 182
193 182
188 182
189 182
185 182
186 182
183 182
184 182
218 183
233 183
247 183
249 183
192 183
194 183
188 183
190 183
185 183
187 183
184 183
219 184
234 184
248 184
249 184
193 184
194 184
189 184
190 184
186 184
187 184
220 185
235 185
247 185
250 185
192 185
195 185
188 185
191 185
187 185
186 185
221 186
236 186
248 186
250 186
193 186
195 186
189 186
191 186
187 186
222 187
237 187
249 187
250 187
194 187
195 187
190 187
191 187
223 188
238 188
247 188
251 188
192 188
196 188
191 188
190 188
189 188
224 189
239 189
248 189
251 189
193 189
196 189
191 189
190 189
225 190
240 190
249 190
251 190
194 190
196 190
191 190
226 191
241 191
250 191
251 191
195 191
196 191
227 192
242 192
247 192
252 192
196 192
195 192
194 192
193 192
228 193
243 193
248 193
252 193
196 193
195 193
194 193
229 194
244 194
249 194
252 194
196 194
195 194
230 195
245 195
250 195
252 195
196 195
231 196
246 196
251 196
252 196
232 197
233 197
234 197
217 197
218 197
219 197
207 197
208 197
209 197
201 197
202 197
203 197
198 197
199 197
200 197
232 198
235 198
236 198
217 198
220 198
221 198
207 198
210 198
211 198
201 198
204 198
205 198
199 198
200 198
233 199
235 199
237 199
218 199
220 199
222 199
208 199
210 199
212 199
202 199
204 199
206 199
200 199
234 200
236 200
237 200
219 200
221 200
222 200
209 200
211 200
212 200
203 200
205 200
206 200
232 201
238 201
239 201
217 201
223 201
224 201
207 201
213 201
214 201
204 201
205 201
202 201
203 201
233 202
238 202
240 202
218 202
223 202
225 202
208 202
213 202
215 202
204 202
206 202
203 202
234 203
239 203
240 203
219 203
224 203
225 203
209 203
214 203
215 203
205 203
206 203
235 204
238 204
241 204
220 204
223 204
226 204
210 204
213 204
216 204
206 204
205 204
236 205
239 205
241 205
221 205
224 205
226 205
211 205
214 205
216 205
206 205
237 206
240 206
241 206
222 206
225 206
226 206
212 206
215 206
216 206
232 207
242 207
243 207
217 207
227 207
228 207
213 207
214 207
210 207
211 207
208 207
209 207
233 208
242 208
244 208
218 208
227 208
229 208
213 208
215 208
210 208
212 208
209 208
234 209
243 209
244 209
219 209
228 209
229 209
214 209
215 209
211 209
212 209
235 210
242 210
245 210
220 210
227 210
230 210
213 210
216 210
212 210
211 210
236 211
243 211
245 211
221 211
228 211
230 211
214 211
216 211
212 211
237 212
244 212
245 212
222 212
229 212
230 212
215 212
216 212
238 213
242 213
246 213
223 213
227 213
231 213
216 213
215 213
214 213
239 214
243 214
246 214
224 214
228 214
231 214
216 214
215 214
240 215
244 215
246 215
225 215
229 215
231 215
216 215
241 216
245 216
246 216
226 216
230 216
231 216
232 217
247 217
248 217
227 217
228 217
223 217
224 217
220 217
221 217
218 217
219 217
233 218
247 218
249 218
227 218
229 218
223 218
225 218
220 218
222 218
219 218
234 219
248 219
249 219
228 219
229 219
224 219
225 219
221 219
222 219
235 220
247 220
250 220
227 220
230 220
223 220
226 220
222 220
221 220
236 221
248 221
250 221
228 221
230 221
224 221
226 221
222 221
237 222
249 222
250 222
229 222
230 222
225 222
226 222
238 223
247 223
251 223
227 223
231 223
226 223
225 223
224 223
239 224
248 224
251 224
228 224
231 224
226 224
225 224
240 225
249 225
251 225
229 225
231 225
226 225
241 226
250 226
251 226
230 226
231 226
242 227
247 227
252 227
231 227
230 227
229 227
228 227
243 228
248 228
252 228
231 228
230 228
229 228
244 229
249 229
252 229
231 229
230 229
245 230
250 230
252 230
231 230
246 231
251 231
252 231
247 232
248 232
242 232
243 232
238 232
239 232
235 232
236 232
233 232
234 232
247 233
249 233
242 233
244 233
238 233
240 233
235 233
237 233
234 233
248 234
249 234
243 234
244 234
239 234
240 234
236 234
237 234
247 235
250 235
242 235
245 235
238 235
241 235
237 235
236 235
248 236
250 236
243 236
245 236
239 236
241 236
237 236
249 237
250 237
244 237
245 237
240 237
241 237
247 238
251 238
242 238
246 238
241 238
240 238
239 238
248 239
251 239
243 239
246 239
241 239
240 239
249 240
251 240
244 240
246 240
241 240
250 241
251 241
245 241
246 241
247 242
252 242
246 242
245 242
244 242
243 242
248 243
252 243
246 243
245 243
244 243
249 244
252 244
246 244
245 244
250 245
252 245
246 245
251 246
252 246
252 247
251 247
250 247
249 247
248 247
252 248
251 248
250 248
249 248
252 249
251 249
250 249
252 250
251 250
252 251
