6600
160 2
163 2
166 2
169 2
172 2
175 2
178 2
179 2
180 2
181 2
5 2
8 2
11 2
14 2
17 2
20 2
22 2
26 2
27 2
28 2
162 3
164 3
167 3
171 3
173 3
176 3
178 3
182 3
183 3
184 3
32 3
34 3
37 3
41 3
43 3
46 3
48 3
52 3
53 3
54 3
30 4
56 4
59 4
62 4
65 4
68 4
71 4
72 4
73 4
74 4
1 4
7 4
10 4
13 4
16 4
19 4
22 4
23 4
24 4
25 4
160 5
186 5
189 5
192 5
195 5
198 5
201 5
203 5
204 5
205 5
8 5
11 5
14 5
17 5
20 5
22 5
26 5
27 5
28 5
161 6
187 6
190 6
193 6
196 6
199 6
202 6
204 6
206 6
207 6
31 6
57 6
60 6
63 6
66 6
69 6
73 6
75 6
76 6
77 6
33 7
56 7
79 7
82 7
85 7
88 7
91 7
92 7
93 7
94 7
1 7
10 7
13 7
16 7
19 7
22 7
23 7
24 7
25 7
163 8
186 8
209 8
212 8
215 8
218 8
221 8
223 8
224 8
225 8
11 8
14 8
17 8
20 8
22 8
26 8
27 8
28 8
165 9
188 9
210 9
214 9
216 9
219 9
222 9
226 9
227 9
228 9
35 9
58 9
80 9
84 9
86 9
89 9
93 9
95 9
96 9
97 9
36 10
59 10
79 10
99 10
102 10
105 10
108 10
109 10
110 10
111 10
1 10
13 10
16 10
19 10
22 10
23 10
24 10
25 10
166 11
189 11
209 11
230 11
233 11
236 11
239 11
240 11
241 11
242 11
14 11
17 11
20 11
22 11
26 11
27 11
28 11
168 12
191 12
211 12
232 12
235 12
237 12
241 12
243 12
244 12
245 12
38 12
61 12
81 12
101 12
104 12
106 12
112 12
113 12
114 12
115 12
39 13
62 13
82 13
99 13
117 13
120 13
123 13
124 13
125 13
126 13
1 13
16 13
19 13
22 13
23 13
24 13
25 13
169 14
192 14
212 14
230 14
247 14
250 14
253 14
255 14
256 14
257 14
17 14
20 14
22 14
26 14
27 14
28 14
170 15
194 15
213 15
231 15
248 15
251 15
254 15
257 15
258 15
259 15
40 15
64 15
83 15
100 15
118 15
121 15
126 15
127 15
128 15
129 15
42 16
65 16
85 16
102 16
117 16
131 16
134 16
135 16
136 16
137 16
1 16
19 16
22 16
23 16
24 16
25 16
172 17
195 17
215 17
233 17
247 17
261 17
264 17
266 17
267 17
268 17
20 17
22 17
26 17
27 17
28 17
174 18
197 18
217 18
234 18
249 18
262 18
265 18
269 18
270 18
271 18
44 18
67 18
87 18
103 18
119 18
132 18
137 18
138 18
139 18
140 18
45 19
68 19
88 19
105 19
120 19
131 19
142 19
143 19
144 19
145 19
1 19
22 19
23 19
24 19
25 19
175 20
198 20
218 20
236 20
250 20
261 20
273 20
274 20
275 20
276 20
22 20
26 20
27 20
28 20
177 21
200 21
220 21
238 21
252 21
263 21
276 21
277 21
278 21
279 21
47 21
70 21
90 21
107 21
122 21
133 21
146 21
147 21
148 21
149 21
178 22
201 22
221 22
239 22
253 22
264 22
273 22
281 22
282 22
283 22
48 22
71 22
91 22
108 22
123 22
134 22
142 22
151 22
152 22
153 22
26 22
27 22
28 22
1 22
23 22
24 22
25 22
49 23
72 23
92 23
109 23
124 23
135 23
143 23
151 23
154 23
155 23
1 23
24 23
25 23
50 24
73 24
93 24
110 24
125 24
136 24
144 24
152 24
154 24
156 24
1 24
25 24
51 25
74 25
94 25
111 25
126 25
137 25
145 25
153 25
155 25
156 25
1 25
179 26
203 26
223 26
240 26
255 26
266 26
274 26
281 26
284 26
285 26
27 26
28 26
180 27
204 27
224 27
241 27
256 27
267 27
275 27
282 27
284 27
286 27
28 27
181 28
205 28
225 28
242 28
257 28
268 28
276 28
283 28
285 28
286 28
185 29
208 29
229 29
246 29
260 29
272 29
280 29
287 29
288 29
289 29
55 29
78 29
98 29
116 29
130 29
141 29
150 29
157 29
158 29
159 29
56 30
59 30
62 30
65 30
68 30
71 30
72 30
73 30
74 30
1 30
33 30
36 30
39 30
42 30
45 30
48 30
49 30
50 30
51 30
161 31
290 31
293 31
296 31
299 31
302 31
306 31
307 31
308 31
309 31
57 31
60 31
63 31
66 31
69 31
73 31
75 31
76 31
77 31
162 32
291 32
294 32
298 32
300 32
303 32
305 32
310 32
311 32
312 32
34 32
37 32
41 32
43 32
46 32
48 32
52 32
53 32
54 32
56 33
79 33
82 33
85 33
88 33
91 33
92 33
93 33
94 33
1 33
36 33
39 33
42 33
45 33
48 33
49 33
50 33
51 33
164 34
291 34
314 34
318 34
320 34
323 34
326 34
328 34
329 34
330 34
37 34
41 34
43 34
46 34
48 34
52 34
53 34
54 34
165 35
292 35
315 35
319 35
321 35
324 35
327 35
329 35
331 35
332 35
58 35
80 35
84 35
86 35
89 35
93 35
95 35
96 35
97 35
59 36
79 36
99 36
102 36
105 36
108 36
109 36
110 36
111 36
1 36
39 36
42 36
45 36
48 36
49 36
50 36
51 36
167 37
294 37
314 37
335 37
337 37
340 37
343 37
345 37
346 37
347 37
41 37
43 37
46 37
48 37
52 37
53 37
54 37
168 38
295 38
316 38
336 38
339 38
341 38
344 38
346 38
348 38
349 38
61 38
81 38
101 38
104 38
106 38
112 38
113 38
114 38
115 38
62 39
82 39
99 39
117 39
120 39
123 39
124 39
125 39
126 39
1 39
42 39
45 39
48 39
49 39
50 39
51 39
170 40
297 40
317 40
334 40
351 40
354 40
358 40
359 40
360 40
361 40
64 40
83 40
100 40
118 40
121 40
126 40
127 40
128 40
129 40
171 41
298 41
318 41
335 41
352 41
355 41
357 41
362 41
363 41
364 41
43 41
46 41
48 41
52 41
53 41
54 41
65 42
85 42
102 42
117 42
131 42
134 42
135 42
136 42
137 42
1 42
45 42
48 42
49 42
50 42
51 42
173 43
300 43
320 43
337 43
352 43
366 43
369 43
371 43
372 43
373 43
46 43
48 43
52 43
53 43
54 43
174 44
301 44
322 44
338 44
353 44
367 44
370 44
373 44
374 44
375 44
67 44
87 44
103 44
119 44
132 44
137 44
138 44
139 44
140 44
68 45
88 45
105 45
120 45
131 45
142 45
143 45
144 45
145 45
1 45
48 45
49 45
50 45
51 45
176 46
303 46
323 46
340 46
355 46
366 46
377 46
379 46
380 46
381 46
48 46
52 46
53 46
54 46
177 47
304 47
325 47
342 47
356 47
368 47
378 47
381 47
382 47
383 47
70 47
90 47
107 47
122 47
133 47
146 47
147 47
148 47
149 47
178 48
305 48
326 48
343 48
357 48
369 48
377 48
385 48
386 48
387 48
71 48
91 48
108 48
123 48
134 48
142 48
151 48
152 48
153 48
52 48
53 48
54 48
1 48
49 48
50 48
51 48
72 49
92 49
109 49
124 49
135 49
143 49
151 49
154 49
155 49
1 49
50 49
51 49
73 50
93 50
110 50
125 50
136 50
144 50
152 50
154 50
156 50
1 50
51 50
74 51
94 51
111 51
126 51
137 51
145 51
153 51
155 51
156 51
1 51
182 52
310 52
328 52
345 52
362 52
371 52
379 52
385 52
389 52
390 52
53 52
54 52
183 53
311 53
329 53
346 53
363 53
372 53
380 53
386 53
389 53
391 53
54 53
184 54
312 54
330 54
347 54
364 54
373 54
381 54
387 54
390 54
391 54
185 55
313 55
333 55
350 55
365 55
376 55
384 55
388 55
392 55
393 55
78 55
98 55
116 55
130 55
141 55
150 55
157 55
158 55
159 55
79 56
82 56
85 56
88 56
91 56
92 56
93 56
94 56
59 56
62 56
65 56
68 56
71 56
72 56
73 56
74 56
187 57
290 57
394 57
397 57
400 57
403 57
406 57
407 57
408 57
409 57
60 57
63 57
66 57
69 57
73 57
75 57
76 57
77 57
188 58
292 58
395 58
399 58
401 58
404 58
406 58
410 58
411 58
412 58
80 58
84 58
86 58
89 58
93 58
95 58
96 58
97 58
79 59
99 59
102 59
105 59
108 59
109 59
110 59
111 59
62 59
65 59
68 59
71 59
72 59
73 59
74 59
190 60
293 60
394 60
414 60
417 60
420 60
423 60
424 60
425 60
426 60
63 60
66 60
69 60
73 60
75 60
76 60
77 60
191 61
295 61
396 61
416 61
419 61
421 61
424 61
427 61
428 61
429 61
81 61
101 61
104 61
106 61
112 61
113 61
114 61
115 61
82 62
99 62
117 62
120 62
123 62
124 62
125 62
126 62
65 62
68 62
71 62
72 62
73 62
74 62
193 63
296 63
397 63
414 63
431 63
434 63
437 63
439 63
441 63
443 63
66 63
69 63
73 63
75 63
76 63
77 63
194 64
297 64
398 64
415 64
432 64
435 64
438 64
440 64
442 64
443 64
83 64
100 64
118 64
121 64
126 64
127 64
128 64
129 64
85 65
102 65
117 65
131 65
134 65
135 65
136 65
137 65
68 65
71 65
72 65
73 65
74 65
196 66
299 66
400 66
417 66
431 66
445 66
448 66
450 66
451 66
452 66
69 66
73 66
75 66
76 66
77 66
197 67
301 67
402 67
418 67
433 67
446 67
449 67
453 67
454 67
455 67
87 67
103 67
119 67
132 67
137 67
138 67
139 67
140 67
88 68
105 68
120 68
131 68
142 68
143 68
144 68
145 68
71 68
72 68
73 68
74 68
199 69
302 69
403 69
420 69
434 69
445 69
457 69
458 69
460 69
461 69
73 69
75 69
76 69
77 69
200 70
304 70
405 70
422 70
436 70
447 70
459 70
462 70
463 70
464 70
90 70
107 70
122 70
133 70
146 70
147 70
148 70
149 70
91 71
108 71
123 71
134 71
142 71
151 71
152 71
153 71
72 71
73 71
74 71
92 72
109 72
124 72
135 72
143 72
151 72
154 72
155 72
73 72
74 72
202 73
306 73
406 73
423 73
437 73
448 73
457 73
466 73
467 73
468 73
93 73
110 73
125 73
136 73
144 73
152 73
154 73
156 73
75 73
76 73
77 73
74 73
94 74
111 74
126 74
137 74
145 74
153 74
155 74
156 74
204 75
307 75
407 75
424 75
439 75
450 75
458 75
466 75
469 75
470 75
76 75
77 75
206 76
308 76
408 76
425 76
441 76
451 76
460 76
467 76
469 76
471 76
77 76
207 77
309 77
409 77
426 77
443 77
452 77
461 77
468 77
470 77
471 77
208 78
313 78
413 78
430 78
444 78
456 78
465 78
471 78
472 78
473 78
98 78
116 78
130 78
141 78
150 78
157 78
158 78
159 78
99 79
102 79
105 79
108 79
109 79
110 79
111 79
82 79
85 79
88 79
91 79
92 79
93 79
94 79
210 80
315 80
395 80
475 80
477 80
480 80
483 80
485 80
486 80
487 80
84 80
86 80
89 80
93 80
95 80
96 80
97 80
211 81
316 81
396 81
476 81
479 81
481 81
484 81
485 81
488 81
489 81
101 81
104 81
106 81
112 81
113 81
114 81
115 81
99 82
117 82
120 82
123 82
124 82
125 82
126 82
85 82
88 82
91 82
92 82
93 82
94 82
213 83
317 83
398 83
474 83
491 83
494 83
498 83
499 83
500 83
501 83
100 83
118 83
121 83
126 83
127 83
128 83
129 83
214 84
319 84
399 84
475 84
492 84
495 84
497 84
502 84
503 84
504 84
86 84
89 84
93 84
95 84
96 84
97 84
102 85
117 85
131 85
134 85
135 85
136 85
137 85
88 85
91 85
92 85
93 85
94 85
216 86
321 86
401 86
477 86
492 86
506 86
509 86
511 86
513 86
515 86
89 86
93 86
95 86
96 86
97 86
217 87
322 87
402 87
478 87
493 87
507 87
510 87
512 87
514 87
515 87
103 87
119 87
132 87
137 87
138 87
139 87
140 87
105 88
120 88
131 88
142 88
143 88
144 88
145 88
91 88
92 88
93 88
94 88
219 89
324 89
404 89
480 89
495 89
506 89
517 89
519 89
521 89
522 89
93 89
95 89
96 89
97 89
220 90
325 90
405 90
482 90
496 90
508 90
518 90
520 90
523 90
524 90
107 90
122 90
133 90
146 90
147 90
148 90
149 90
108 91
123 91
134 91
142 91
151 91
152 91
153 91
92 91
93 91
94 91
109 92
124 92
135 92
143 92
151 92
154 92
155 92
93 92
94 92
222 93
327 93
406 93
483 93
497 93
509 93
517 93
526 93
527 93
528 93
110 93
125 93
136 93
144 93
152 93
154 93
156 93
95 93
96 93
97 93
94 93
111 94
126 94
137 94
145 94
153 94
155 94
156 94
226 95
329 95
410 95
485 95
502 95
511 95
519 95
526 95
530 95
531 95
96 95
97 95
227 96
331 96
411 96
486 96
503 96
513 96
521 96
527 96
530 96
532 96
97 96
228 97
332 97
412 97
487 97
504 97
515 97
522 97
528 97
531 97
532 97
229 98
333 98
413 98
490 98
505 98
516 98
525 98
529 98
532 98
533 98
116 98
130 98
141 98
150 98
157 98
158 98
159 98
117 99
120 99
123 99
124 99
125 99
126 99
102 99
105 99
108 99
109 99
110 99
111 99
231 100
334 100
415 100
474 100
534 100
537 100
540 100
542 100
543 100
544 100
118 100
121 100
126 100
127 100
128 100
129 100
232 101
336 101
416 101
476 101
536 101
538 101
541 101
545 101
546 101
547 101
104 101
106 101
112 101
113 101
114 101
115 101
117 102
131 102
134 102
135 102
136 102
137 102
105 102
108 102
109 102
110 102
111 102
234 103
338 103
418 103
478 103
535 103
549 103
552 103
555 103
556 103
557 103
119 103
132 103
137 103
138 103
139 103
140 103
235 104
339 104
419 104
479 104
536 104
550 104
553 104
554 104
558 104
559 104
106 104
112 104
113 104
114 104
115 104
120 105
131 105
142 105
143 105
144 105
145 105
108 105
109 105
110 105
111 105
237 106
341 106
421 106
481 106
538 106
550 106
561 106
563 106
565 106
567 106
112 106
113 106
114 106
115 106
238 107
342 107
422 107
482 107
539 107
551 107
562 107
564 107
566 107
567 107
122 107
133 107
146 107
147 107
148 107
149 107
123 108
134 108
142 108
151 108
152 108
153 108
109 108
110 108
111 108
124 109
135 109
143 109
151 109
154 109
155 109
110 109
111 109
125 110
136 110
144 110
152 110
154 110
156 110
111 110
126 111
137 111
145 111
153 111
155 111
156 111
241 112
344 112
424 112
484 112
541 112
553 112
561 112
569 112
570 112
571 112
113 112
114 112
115 112
243 113
346 113
427 113
485 113
545 113
554 113
563 113
569 113
573 113
574 113
114 113
115 113
244 114
348 114
428 114
488 114
546 114
558 114
565 114
570 114
573 114
576 114
115 114
245 115
349 115
429 115
489 115
547 115
559 115
567 115
571 115
574 115
576 115
246 116
350 116
430 116
490 116
548 116
560 116
568 116
572 116
575 116
576 116
130 116
141 116
150 116
157 116
158 116
159 116
131 117
134 117
135 117
136 117
137 117
120 117
123 117
124 117
125 117
126 117
248 118
351 118
432 118
491 118
534 118
577 118
580 118
581 118
582 118
583 118
121 118
126 118
127 118
128 118
129 118
249 119
353 119
433 119
493 119
535 119
578 119
580 119
584 119
585 119
586 119
132 119
137 119
138 119
139 119
140 119
131 120
142 120
143 120
144 120
145 120
123 120
124 120
125 120
126 120
251 121
354 121
435 121
494 121
537 121
577 121
588 121
589 121
590 121
591 121
126 121
127 121
128 121
129 121
252 122
356 122
436 122
496 122
539 122
579 122
589 122
592 122
593 122
594 122
133 122
146 122
147 122
148 122
149 122
134 123
142 123
151 123
152 123
153 123
124 123
125 123
126 123
135 124
143 124
151 124
154 124
155 124
125 124
126 124
136 125
144 125
152 125
154 125
156 125
126 125
254 126
358 126
438 126
498 126
540 126
580 126
588 126
596 126
597 126
598 126
137 126
145 126
153 126
155 126
156 126
127 126
128 126
129 126
257 127
359 127
440 127
499 127
542 127
581 127
589 127
596 127
599 127
600 127
128 127
129 127
258 128
360 128
442 128
500 128
543 128
582 128
590 128
597 128
599 128
601 128
129 128
259 129
361 129
443 129
501 129
544 129
583 129
591 129
598 129
600 129
601 129
260 130
365 130
444 130
505 130
548 130
587 130
595 130
601 130
602 130
603 130
141 130
150 130
157 130
158 130
159 130
142 131
143 131
144 131
145 131
134 131
135 131
136 131
137 131
262 132
367 132
446 132
507 132
549 132
578 132
604 132
606 132
607 132
608 132
137 132
138 132
139 132
140 132
263 133
368 133
447 133
508 133
551 133
579 133
605 133
606 133
609 133
610 133
146 133
147 133
148 133
149 133
142 134
151 134
152 134
153 134
135 134
136 134
137 134
143 135
151 135
154 135
155 135
136 135
137 135
144 136
152 136
154 136
156 136
137 136
265 137
370 137
449 137
510 137
552 137
580 137
604 137
612 137
613 137
614 137
145 137
153 137
155 137
156 137
138 137
139 137
140 137
269 138
373 138
453 138
512 138
555 138
584 138
606 138
612 138
616 138
617 138
139 138
140 138
270 139
374 139
454 139
514 139
556 139
585 139
607 139
613 139
616 139
618 139
140 139
271 140
375 140
455 140
515 140
557 140
586 140
608 140
614 140
617 140
618 140
272 141
376 141
456 141
516 141
560 141
587 141
611 141
615 141
618 141
619 141
150 141
157 141
158 141
159 141
151 142
152 142
153 142
143 142
144 142
145 142
151 143
154 143
155 143
144 143
145 143
152 144
154 144
156 144
145 144
153 145
155 145
156 145
276 146
378 146
459 146
518 146
562 146
589 146
605 146
620 146
621 146
622 146
147 146
148 146
149 146
277 147
381 147
462 147
520 147
564 147
592 147
606 147
620 147
624 147
625 147
148 147
149 147
278 148
382 148
463 148
523 148
566 148
593 148
609 148
621 148
624 148
627 148
149 148
279 149
383 149
464 149
524 149
567 149
594 149
610 149
622 149
625 149
627 149
280 150
384 150
465 150
525 150
568 150
595 150
611 150
623 150
626 150
627 150
157 150
158 150
159 150
154 151
155 151
152 151
153 151
154 152
156 152
153 152
155 153
156 153
156 154
155 154
156 155
287 157
388 157
471 157
529 157
572 157
601 157
615 157
623 157
628 157
629 157
158 157
159 157
288 158
392 158
472 158
532 158
575 158
602 158
618 158
626 158
628 158
630 158
159 158
289 159
393 159
473 159
533 159
576 159
603 159
619 159
627 159
629 159
630 159
186 160
189 160
192 160
195 160
198 160
201 160
203 160
204 160
205 160
163 160
166 160
169 160
172 160
175 160
178 160
179 160
180 160
181 160
290 161
293 161
296 161
299 161
302 161
306 161
307 161
308 161
309 161
187 161
190 161
193 161
196 161
199 161
202 161
204 161
206 161
207 161
291 162
294 162
298 162
300 162
303 162
305 162
310 162
311 162
312 162
164 162
167 162
171 162
173 162
176 162
178 162
182 162
183 162
184 162
186 163
209 163
212 163
215 163
218 163
221 163
223 163
224 163
225 163
166 163
169 163
172 163
175 163
178 163
179 163
180 163
181 163
291 164
314 164
318 164
320 164
323 164
326 164
328 164
329 164
330 164
167 164
171 164
173 164
176 164
178 164
182 164
183 164
184 164
292 165
315 165
319 165
321 165
324 165
327 165
329 165
331 165
332 165
188 165
210 165
214 165
216 165
219 165
222 165
226 165
227 165
228 165
189 166
209 166
230 166
233 166
236 166
239 166
240 166
241 166
242 166
169 166
172 166
175 166
178 166
179 166
180 166
181 166
294 167
314 167
335 167
337 167
340 167
343 167
345 167
346 167
347 167
171 167
173 167
176 167
178 167
182 167
183 167
184 167
295 168
316 168
336 168
339 168
341 168
344 168
346 168
348 168
349 168
191 168
211 168
232 168
235 168
237 168
241 168
243 168
244 168
245 168
192 169
212 169
230 169
247 169
250 169
253 169
255 169
256 169
257 169
172 169
175 169
178 169
179 169
180 169
181 169
297 170
317 170
334 170
351 170
354 170
358 170
359 170
360 170
361 170
194 170
213 170
231 170
248 170
251 170
254 170
257 170
258 170
259 170
298 171
318 171
335 171
352 171
355 171
357 171
362 171
363 171
364 171
173 171
176 171
178 171
182 171
183 171
184 171
195 172
215 172
233 172
247 172
261 172
264 172
266 172
267 172
268 172
175 172
178 172
179 172
180 172
181 172
300 173
320 173
337 173
352 173
366 173
369 173
371 173
372 173
373 173
176 173
178 173
182 173
183 173
184 173
301 174
322 174
338 174
353 174
367 174
370 174
373 174
374 174
375 174
197 174
217 174
234 174
249 174
262 174
265 174
269 174
270 174
271 174
198 175
218 175
236 175
250 175
261 175
273 175
274 175
275 175
276 175
178 175
179 175
180 175
181 175
303 176
323 176
340 176
355 176
366 176
377 176
379 176
380 176
381 176
178 176
182 176
183 176
184 176
304 177
325 177
342 177
356 177
368 177
378 177
381 177
382 177
383 177
200 177
220 177
238 177
252 177
263 177
276 177
277 177
278 177
279 177
305 178
326 178
343 178
357 178
369 178
377 178
385 178
386 178
387 178
201 178
221 178
239 178
253 178
264 178
273 178
281 178
282 178
283 178
182 178
183 178
184 178
179 178
180 178
181 178
203 179
223 179
240 179
255 179
266 179
274 179
281 179
284 179
285 179
180 179
181 179
204 180
224 180
241 180
256 180
267 180
275 180
282 180
284 180
286 180
181 180
205 181
225 181
242 181
257 181
268 181
276 181
283 181
285 181
286 181
310 182
328 182
345 182
362 182
371 182
379 182
385 182
389 182
390 182
183 182
184 182
311 183
329 183
346 183
363 183
372 183
380 183
386 183
389 183
391 183
184 183
312 184
330 184
347 184
364 184
373 184
381 184
387 184
390 184
391 184
313 185
333 185
350 185
365 185
376 185
384 185
388 185
392 185
393 185
208 185
229 185
246 185
260 185
272 185
280 185
287 185
288 185
289 185
209 186
212 186
215 186
218 186
221 186
223 186
224 186
225 186
189 186
192 186
195 186
198 186
201 186
203 186
204 186
205 186
290 187
394 187
397 187
400 187
403 187
406 187
407 187
408 187
409 187
190 187
193 187
196 187
199 187
202 187
204 187
206 187
207 187
292 188
395 188
399 188
401 188
404 188
406 188
410 188
411 188
412 188
210 188
214 188
216 188
219 188
222 188
226 188
227 188
228 188
209 189
230 189
233 189
236 189
239 189
240 189
241 189
242 189
192 189
195 189
198 189
201 189
203 189
204 189
205 189
293 190
394 190
414 190
417 190
420 190
423 190
424 190
425 190
426 190
193 190
196 190
199 190
202 190
204 190
206 190
207 190
295 191
396 191
416 191
419 191
421 191
424 191
427 191
428 191
429 191
211 191
232 191
235 191
237 191
241 191
243 191
244 191
245 191
212 192
230 192
247 192
250 192
253 192
255 192
256 192
257 192
195 192
198 192
201 192
203 192
204 192
205 192
296 193
397 193
414 193
431 193
434 193
437 193
439 193
441 193
443 193
196 193
199 193
202 193
204 193
206 193
207 193
297 194
398 194
415 194
432 194
435 194
438 194
440 194
442 194
443 194
213 194
231 194
248 194
251 194
254 194
257 194
258 194
259 194
215 195
233 195
247 195
261 195
264 195
266 195
267 195
268 195
198 195
201 195
203 195
204 195
205 195
299 196
400 196
417 196
431 196
445 196
448 196
450 196
451 196
452 196
199 196
202 196
204 196
206 196
207 196
301 197
402 197
418 197
433 197
446 197
449 197
453 197
454 197
455 197
217 197
234 197
249 197
262 197
265 197
269 197
270 197
271 197
218 198
236 198
250 198
261 198
273 198
274 198
275 198
276 198
201 198
203 198
204 198
205 198
302 199
403 199
420 199
434 199
445 199
457 199
458 199
460 199
461 199
202 199
204 199
206 199
207 199
304 200
405 200
422 200
436 200
447 200
459 200
462 200
463 200
464 200
220 200
238 200
252 200
263 200
276 200
277 200
278 200
279 200
221 201
239 201
253 201
264 201
273 201
281 201
282 201
283 201
203 201
204 201
205 201
306 202
406 202
423 202
437 202
448 202
457 202
466 202
467 202
468 202
204 202
206 202
207 202
223 203
240 203
255 203
266 203
274 203
281 203
284 203
285 203
204 203
205 203
307 204
407 204
424 204
439 204
450 204
458 204
466 204
469 204
470 204
224 204
241 204
256 204
267 204
275 204
282 204
284 204
286 204
206 204
207 204
205 204
225 205
242 205
257 205
268 205
276 205
283 205
285 205
286 205
308 206
408 206
425 206
441 206
451 206
460 206
467 206
469 206
471 206
207 206
309 207
409 207
426 207
443 207
452 207
461 207
468 207
470 207
471 207
313 208
413 208
430 208
444 208
456 208
465 208
471 208
472 208
473 208
229 208
246 208
260 208
272 208
280 208
287 208
288 208
289 208
230 209
233 209
236 209
239 209
240 209
241 209
242 209
212 209
215 209
218 209
221 209
223 209
224 209
225 209
315 210
395 210
475 210
477 210
480 210
483 210
485 210
486 210
487 210
214 210
216 210
219 210
222 210
226 210
227 210
228 210
316 211
396 211
476 211
479 211
481 211
484 211
485 211
488 211
489 211
232 211
235 211
237 211
241 211
243 211
244 211
245 211
230 212
247 212
250 212
253 212
255 212
256 212
257 212
215 212
218 212
221 212
223 212
224 212
225 212
317 213
398 213
474 213
491 213
494 213
498 213
499 213
500 213
501 213
231 213
248 213
251 213
254 213
257 213
258 213
259 213
319 214
399 214
475 214
492 214
495 214
497 214
502 214
503 214
504 214
216 214
219 214
222 214
226 214
227 214
228 214
233 215
247 215
261 215
264 215
266 215
267 215
268 215
218 215
221 215
223 215
224 215
225 215
321 216
401 216
477 216
492 216
506 216
509 216
511 216
513 216
515 216
219 216
222 216
226 216
227 216
228 216
322 217
402 217
478 217
493 217
507 217
510 217
512 217
514 217
515 217
234 217
249 217
262 217
265 217
269 217
270 217
271 217
236 218
250 218
261 218
273 218
274 218
275 218
276 218
221 218
223 218
224 218
225 218
324 219
404 219
480 219
495 219
506 219
517 219
519 219
521 219
522 219
222 219
226 219
227 219
228 219
325 220
405 220
482 220
496 220
508 220
518 220
520 220
523 220
524 220
238 220
252 220
263 220
276 220
277 220
278 220
279 220
239 221
253 221
264 221
273 221
281 221
282 221
283 221
223 221
224 221
225 221
327 222
406 222
483 222
497 222
509 222
517 222
526 222
527 222
528 222
226 222
227 222
228 222
240 223
255 223
266 223
274 223
281 223
284 223
285 223
224 223
225 223
241 224
256 224
267 224
275 224
282 224
284 224
286 224
225 224
242 225
257 225
268 225
276 225
283 225
285 225
286 225
329 226
410 226
485 226
502 226
511 226
519 226
526 226
530 226
531 226
227 226
228 226
331 227
411 227
486 227
503 227
513 227
521 227
527 227
530 227
532 227
228 227
332 228
412 228
487 228
504 228
515 228
522 228
528 228
531 228
532 228
333 229
413 229
490 229
505 229
516 229
525 229
529 229
532 229
533 229
246 229
260 229
272 229
280 229
287 229
288 229
289 229
247 230
250 230
253 230
255 230
256 230
257 230
233 230
236 230
239 230
240 230
241 230
242 230
334 231
415 231
474 231
534 231
537 231
540 231
542 231
543 231
544 231
248 231
251 231
254 231
257 231
258 231
259 231
336 232
416 232
476 232
536 232
538 232
541 232
545 232
546 232
547 232
235 232
237 232
241 232
243 232
244 232
245 232
247 233
261 233
264 233
266 233
267 233
268 233
236 233
239 233
240 233
241 233
242 233
338 234
418 234
478 234
535 234
549 234
552 234
555 234
556 234
557 234
249 234
262 234
265 234
269 234
270 234
271 234
339 235
419 235
479 235
536 235
550 235
553 235
554 235
558 235
559 235
237 235
241 235
243 235
244 235
245 235
250 236
261 236
273 236
274 236
275 236
276 236
239 236
240 236
241 236
242 236
341 237
421 237
481 237
538 237
550 237
561 237
563 237
565 237
567 237
241 237
243 237
244 237
245 237
342 238
422 238
482 238
539 238
551 238
562 238
564 238
566 238
567 238
252 238
263 238
276 238
277 238
278 238
279 238
253 239
264 239
273 239
281 239
282 239
283 239
240 239
241 239
242 239
255 240
266 240
274 240
281 240
284 240
285 240
241 240
242 240
344 241
424 241
484 241
541 241
553 241
561 241
569 241
570 241
571 241
256 241
267 241
275 241
282 241
284 241
286 241
243 241
244 241
245 241
242 241
257 242
268 242
276 242
283 242
285 242
286 242
346 243
427 243
485 243
545 243
554 243
563 243
569 243
573 243
574 243
244 243
245 243
348 244
428 244
488 244
546 244
558 244
565 244
570 244
573 244
576 244
245 244
349 245
429 245
489 245
547 245
559 245
567 245
571 245
574 245
576 245
350 246
430 246
490 246
548 246
560 246
568 246
572 246
575 246
576 246
260 246
272 246
280 246
287 246
288 246
289 246
261 247
264 247
266 247
267 247
268 247
250 247
253 247
255 247
256 247
257 247
351 248
432 248
491 248
534 248
577 248
580 248
581 248
582 248
583 248
251 248
254 248
257 248
258 248
259 248
353 249
433 249
493 249
535 249
578 249
580 249
584 249
585 249
586 249
262 249
265 249
269 249
270 249
271 249
261 250
273 250
274 250
275 250
276 250
253 250
255 250
256 250
257 250
354 251
435 251
494 251
537 251
577 251
588 251
589 251
590 251
591 251
254 251
257 251
258 251
259 251
356 252
436 252
496 252
539 252
579 252
589 252
592 252
593 252
594 252
263 252
276 252
277 252
278 252
279 252
264 253
273 253
281 253
282 253
283 253
255 253
256 253
257 253
358 254
438 254
498 254
540 254
580 254
588 254
596 254
597 254
598 254
257 254
258 254
259 254
266 255
274 255
281 255
284 255
285 255
256 255
257 255
267 256
275 256
282 256
284 256
286 256
257 256
359 257
440 257
499 257
542 257
581 257
589 257
596 257
599 257
600 257
268 257
276 257
283 257
285 257
286 257
258 257
259 257
360 258
442 258
500 258
543 258
582 258
590 258
597 258
599 258
601 258
259 258
361 259
443 259
501 259
544 259
583 259
591 259
598 259
600 259
601 259
365 260
444 260
505 260
548 260
587 260
595 260
601 260
602 260
603 260
272 260
280 260
287 260
288 260
289 260
273 261
274 261
275 261
276 261
264 261
266 261
267 261
268 261
367 262
446 262
507 262
549 262
578 262
604 262
606 262
607 262
608 262
265 262
269 262
270 262
271 262
368 263
447 263
508 263
551 263
579 263
605 263
606 263
609 263
610 263
276 263
277 263
278 263
279 263
273 264
281 264
282 264
283 264
266 264
267 264
268 264
370 265
449 265
510 265
552 265
580 265
604 265
612 265
613 265
614 265
269 265
270 265
271 265
274 266
281 266
284 266
285 266
267 266
268 266
275 267
282 267
284 267
286 267
268 267
276 268
283 268
285 268
286 268
373 269
453 269
512 269
555 269
584 269
606 269
612 269
616 269
617 269
270 269
271 269
374 270
454 270
514 270
556 270
585 270
607 270
613 270
616 270
618 270
271 270
375 271
455 271
515 271
557 271
586 271
608 271
614 271
617 271
618 271
376 272
456 272
516 272
560 272
587 272
611 272
615 272
618 272
619 272
280 272
287 272
288 272
289 272
281 273
282 273
283 273
274 273
275 273
276 273
281 274
284 274
285 274
275 274
276 274
282 275
284 275
286 275
276 275
378 276
459 276
518 276
562 276
589 276
605 276
620 276
621 276
622 276
283 276
285 276
286 276
277 276
278 276
279 276
381 277
462 277
520 277
564 277
592 277
606 277
620 277
624 277
625 277
278 277
279 277
382 278
463 278
523 278
566 278
593 278
609 278
621 278
624 278
627 278
279 278
383 279
464 279
524 279
567 279
594 279
610 279
622 279
625 279
627 279
384 280
465 280
525 280
568 280
595 280
611 280
623 280
626 280
627 280
287 280
288 280
289 280
284 281
285 281
282 281
283 281
284 282
286 282
283 282
285 283
286 283
286 284
285 284
286 285
388 287
471 287
529 287
572 287
601 287
615 287
623 287
628 287
629 287
288 287
289 287
392 288
472 288
532 288
575 288
602 288
618 288
626 288
628 288
630 288
289 288
393 289
473 289
533 289
576 289
603 289
619 289
627 289
629 289
630 289
394 290
397 290
400 290
403 290
406 290
407 290
408 290
409 290
293 290
296 290
299 290
302 290
306 290
307 290
308 290
309 290
314 291
318 291
320 291
323 291
326 291
328 291
329 291
330 291
294 291
298 291
300 291
303 291
305 291
310 291
311 291
312 291
395 292
399 292
401 292
404 292
406 292
410 292
411 292
412 292
315 292
319 292
321 292
324 292
327 292
329 292
331 292
332 292
394 293
414 293
417 293
420 293
423 293
424 293
425 293
426 293
296 293
299 293
302 293
306 293
307 293
308 293
309 293
314 294
335 294
337 294
340 294
343 294
345 294
346 294
347 294
298 294
300 294
303 294
305 294
310 294
311 294
312 294
396 295
416 295
419 295
421 295
424 295
427 295
428 295
429 295
316 295
336 295
339 295
341 295
344 295
346 295
348 295
349 295
397 296
414 296
431 296
434 296
437 296
439 296
441 296
443 296
299 296
302 296
306 296
307 296
308 296
309 296
398 297
415 297
432 297
435 297
438 297
440 297
442 297
443 297
317 297
334 297
351 297
354 297
358 297
359 297
360 297
361 297
318 298
335 298
352 298
355 298
357 298
362 298
363 298
364 298
300 298
303 298
305 298
310 298
311 298
312 298
400 299
417 299
431 299
445 299
448 299
450 299
451 299
452 299
302 299
306 299
307 299
308 299
309 299
320 300
337 300
352 300
366 300
369 300
371 300
372 300
373 300
303 300
305 300
310 300
311 300
312 300
402 301
418 301
433 301
446 301
449 301
453 301
454 301
455 301
322 301
338 301
353 301
367 301
370 301
373 301
374 301
375 301
403 302
420 302
434 302
445 302
457 302
458 302
460 302
461 302
306 302
307 302
308 302
309 302
323 303
340 303
355 303
366 303
377 303
379 303
380 303
381 303
305 303
310 303
311 303
312 303
405 304
422 304
436 304
447 304
459 304
462 304
463 304
464 304
325 304
342 304
356 304
368 304
378 304
381 304
382 304
383 304
326 305
343 305
357 305
369 305
377 305
385 305
386 305
387 305
310 305
311 305
312 305
406 306
423 306
437 306
448 306
457 306
466 306
467 306
468 306
307 306
308 306
309 306
407 307
424 307
439 307
450 307
458 307
466 307
469 307
470 307
308 307
309 307
408 308
425 308
441 308
451 308
460 308
467 308
469 308
471 308
309 308
409 309
426 309
443 309
452 309
461 309
468 309
470 309
471 309
328 310
345 310
362 310
371 310
379 310
385 310
389 310
390 310
311 310
312 310
329 311
346 311
363 311
372 311
380 311
386 311
389 311
391 311
312 311
330 312
347 312
364 312
373 312
381 312
387 312
390 312
391 312
413 313
430 313
444 313
456 313
465 313
471 313
472 313
473 313
333 313
350 313
365 313
376 313
384 313
388 313
392 313
393 313
335 314
337 314
340 314
343 314
345 314
346 314
347 314
318 314
320 314
323 314
326 314
328 314
329 314
330 314
395 315
475 315
477 315
480 315
483 315
485 315
486 315
487 315
319 315
321 315
324 315
327 315
329 315
331 315
332 315
396 316
476 316
479 316
481 316
484 316
485 316
488 316
489 316
336 316
339 316
341 316
344 316
346 316
348 316
349 316
398 317
474 317
491 317
494 317
498 317
499 317
500 317
501 317
334 317
351 317
354 317
358 317
359 317
360 317
361 317
335 318
352 318
355 318
357 318
362 318
363 318
364 318
320 318
323 318
326 318
328 318
329 318
330 318
399 319
475 319
492 319
495 319
497 319
502 319
503 319
504 319
321 319
324 319
327 319
329 319
331 319
332 319
337 320
352 320
366 320
369 320
371 320
372 320
373 320
323 320
326 320
328 320
329 320
330 320
401 321
477 321
492 321
506 321
509 321
511 321
513 321
515 321
324 321
327 321
329 321
331 321
332 321
402 322
478 322
493 322
507 322
510 322
512 322
514 322
515 322
338 322
353 322
367 322
370 322
373 322
374 322
375 322
340 323
355 323
366 323
377 323
379 323
380 323
381 323
326 323
328 323
329 323
330 323
404 324
480 324
495 324
506 324
517 324
519 324
521 324
522 324
327 324
329 324
331 324
332 324
405 325
482 325
496 325
508 325
518 325
520 325
523 325
524 325
342 325
356 325
368 325
378 325
381 325
382 325
383 325
343 326
357 326
369 326
377 326
385 326
386 326
387 326
328 326
329 326
330 326
406 327
483 327
497 327
509 327
517 327
526 327
527 327
528 327
329 327
331 327
332 327
345 328
362 328
371 328
379 328
385 328
389 328
390 328
329 328
330 328
410 329
485 329
502 329
511 329
519 329
526 329
530 329
531 329
346 329
363 329
372 329
380 329
386 329
389 329
391 329
331 329
332 329
330 329
347 330
364 330
373 330
381 330
387 330
390 330
391 330
411 331
486 331
503 331
513 331
521 331
527 331
530 331
532 331
332 331
412 332
487 332
504 332
515 332
522 332
528 332
531 332
532 332
413 333
490 333
505 333
516 333
525 333
529 333
532 333
533 333
350 333
365 333
376 333
384 333
388 333
392 333
393 333
415 334
474 334
534 334
537 334
540 334
542 334
543 334
544 334
351 334
354 334
358 334
359 334
360 334
361 334
352 335
355 335
357 335
362 335
363 335
364 335
337 335
340 335
343 335
345 335
346 335
347 335
416 336
476 336
536 336
538 336
541 336
545 336
546 336
547 336
339 336
341 336
344 336
346 336
348 336
349 336
352 337
366 337
369 337
371 337
372 337
373 337
340 337
343 337
345 337
346 337
347 337
418 338
478 338
535 338
549 338
552 338
555 338
556 338
557 338
353 338
367 338
370 338
373 338
374 338
375 338
419 339
479 339
536 339
550 339
553 339
554 339
558 339
559 339
341 339
344 339
346 339
348 339
349 339
355 340
366 340
377 340
379 340
380 340
381 340
343 340
345 340
346 340
347 340
421 341
481 341
538 341
550 341
561 341
563 341
565 341
567 341
344 341
346 341
348 341
349 341
422 342
482 342
539 342
551 342
562 342
564 342
566 342
567 342
356 342
368 342
378 342
381 342
382 342
383 342
357 343
369 343
377 343
385 343
386 343
387 343
345 343
346 343
347 343
424 344
484 344
541 344
553 344
561 344
569 344
570 344
571 344
346 344
348 344
349 344
362 345
371 345
379 345
385 345
389 345
390 345
346 345
347 345
427 346
485 346
545 346
554 346
563 346
569 346
573 346
574 346
363 346
372 346
380 346
386 346
389 346
391 346
348 346
349 346
347 346
364 347
373 347
381 347
387 347
390 347
391 347
428 348
488 348
546 348
558 348
565 348
570 348
573 348
576 348
349 348
429 349
489 349
547 349
559 349
567 349
571 349
574 349
576 349
430 350
490 350
548 350
560 350
568 350
572 350
575 350
576 350
365 350
376 350
384 350
388 350
392 350
393 350
432 351
491 351
534 351
577 351
580 351
581 351
582 351
583 351
354 351
358 351
359 351
360 351
361 351
366 352
369 352
371 352
372 352
373 352
355 352
357 352
362 352
363 352
364 352
433 353
493 353
535 353
578 353
580 353
584 353
585 353
586 353
367 353
370 353
373 353
374 353
375 353
435 354
494 354
537 354
577 354
588 354
589 354
590 354
591 354
358 354
359 354
360 354
361 354
366 355
377 355
379 355
380 355
381 355
357 355
362 355
363 355
364 355
436 356
496 356
539 356
579 356
589 356
592 356
593 356
594 356
368 356
378 356
381 356
382 356
383 356
369 357
377 357
385 357
386 357
387 357
362 357
363 357
364 357
438 358
498 358
540 358
580 358
588 358
596 358
597 358
598 358
359 358
360 358
361 358
440 359
499 359
542 359
581 359
589 359
596 359
599 359
600 359
360 359
361 359
442 360
500 360
543 360
582 360
590 360
597 360
599 360
601 360
361 360
443 361
501 361
544 361
583 361
591 361
598 361
600 361
601 361
371 362
379 362
385 362
389 362
390 362
363 362
364 362
372 363
380 363
386 363
389 363
391 363
364 363
373 364
381 364
387 364
390 364
391 364
444 365
505 365
548 365
587 365
595 365
601 365
602 365
603 365
376 365
384 365
388 365
392 365
393 365
377 366
379 366
380 366
381 366
369 366
371 366
372 366
373 366
446 367
507 367
549 367
578 367
604 367
606 367
607 367
608 367
370 367
373 367
374 367
375 367
447 368
508 368
551 368
579 368
605 368
606 368
609 368
610 368
378 368
381 368
382 368
383 368
377 369
385 369
386 369
387 369
371 369
372 369
373 369
449 370
510 370
552 370
580 370
604 370
612 370
613 370
614 370
373 370
374 370
375 370
379 371
385 371
389 371
390 371
372 371
373 371
380 372
386 372
389 372
391 372
373 372
453 373
512 373
555 373
584 373
606 373
612 373
616 373
617 373
381 373
387 373
390 373
391 373
374 373
375 373
454 374
514 374
556 374
585 374
607 374
613 374
616 374
618 374
375 374
455 375
515 375
557 375
586 375
608 375
614 375
617 375
618 375
456 376
516 376
560 376
587 376
611 376
615 376
618 376
619 376
384 376
388 376
392 376
393 376
385 377
386 377
387 377
379 377
380 377
381 377
459 378
518 378
562 378
589 378
605 378
620 378
621 378
622 378
381 378
382 378
383 378
385 379
389 379
390 379
380 379
381 379
386 380
389 380
391 380
381 380
462 381
520 381
564 381
592 381
606 381
620 381
624 381
625 381
387 381
390 381
391 381
382 381
383 381
463 382
523 382
566 382
593 382
609 382
621 382
624 382
627 382
383 382
464 383
524 383
567 383
594 383
610 383
622 383
625 383
627 383
465 384
525 384
568 384
595 384
611 384
623 384
626 384
627 384
388 384
392 384
393 384
389 385
390 385
386 385
387 385
389 386
391 386
387 386
390 387
391 387
471 388
529 388
572 388
601 388
615 388
623 388
628 388
629 388
392 388
393 388
391 389
390 389
391 390
472 392
532 392
575 392
602 392
618 392
626 392
628 392
630 392
393 392
473 393
533 393
576 393
603 393
619 393
627 393
629 393
630 393
414 394
417 394
420 394
423 394
424 394
425 394
426 394
397 394
400 394
403 394
406 394
407 394
408 394
409 394
475 395
477 395
480 395
483 395
485 395
486 395
487 395
399 395
401 395
404 395
406 395
410 395
411 395
412 395
476 396
479 396
481 396
484 396
485 396
488 396
489 396
416 396
419 396
421 396
424 396
427 396
428 396
429 396
414 397
431 397
434 397
437 397
439 397
441 397
443 397
400 397
403 397
406 397
407 397
408 397
409 397
474 398
491 398
494 398
498 398
499 398
500 398
501 398
415 398
432 398
435 398
438 398
440 398
442 398
443 398
475 399
492 399
495 399
497 399
502 399
503 399
504 399
401 399
404 399
406 399
410 399
411 399
412 399
417 400
431 400
445 400
448 400
450 400
451 400
452 400
403 400
406 400
407 400
408 400
409 400
477 401
492 401
506 401
509 401
511 401
513 401
515 401
404 401
406 401
410 401
411 401
412 401
478 402
493 402
507 402
510 402
512 402
514 402
515 402
418 402
433 402
446 402
449 402
453 402
454 402
455 402
420 403
434 403
445 403
457 403
458 403
460 403
461 403
406 403
407 403
408 403
409 403
480 404
495 404
506 404
517 404
519 404
521 404
522 404
406 404
410 404
411 404
412 404
482 405
496 405
508 405
518 405
520 405
523 405
524 405
422 405
436 405
447 405
459 405
462 405
463 405
464 405
483 406
497 406
509 406
517 406
526 406
527 406
528 406
423 406
437 406
448 406
457 406
466 406
467 406
468 406
410 406
411 406
412 406
407 406
408 406
409 406
424 407
439 407
450 407
458 407
466 407
469 407
470 407
408 407
409 407
425 408
441 408
451 408
460 408
467 408
469 408
471 408
409 408
426 409
443 409
452 409
461 409
468 409
470 409
471 409
485 410
502 410
511 410
519 410
526 410
530 410
531 410
411 410
412 410
486 411
503 411
513 411
521 411
527 411
530 411
532 411
412 411
487 412
504 412
515 412
522 412
528 412
531 412
532 412
490 413
505 413
516 413
525 413
529 413
532 413
533 413
430 413
444 413
456 413
465 413
471 413
472 413
473 413
431 414
434 414
437 414
439 414
441 414
443 414
417 414
420 414
423 414
424 414
425 414
426 414
474 415
534 415
537 415
540 415
542 415
543 415
544 415
432 415
435 415
438 415
440 415
442 415
443 415
476 416
536 416
538 416
541 416
545 416
546 416
547 416
419 416
421 416
424 416
427 416
428 416
429 416
431 417
445 417
448 417
450 417
451 417
452 417
420 417
423 417
424 417
425 417
426 417
478 418
535 418
549 418
552 418
555 418
556 418
557 418
433 418
446 418
449 418
453 418
454 418
455 418
479 419
536 419
550 419
553 419
554 419
558 419
559 419
421 419
424 419
427 419
428 419
429 419
434 420
445 420
457 420
458 420
460 420
461 420
423 420
424 420
425 420
426 420
481 421
538 421
550 421
561 421
563 421
565 421
567 421
424 421
427 421
428 421
429 421
482 422
539 422
551 422
562 422
564 422
566 422
567 422
436 422
447 422
459 422
462 422
463 422
464 422
437 423
448 423
457 423
466 423
467 423
468 423
424 423
425 423
426 423
484 424
541 424
553 424
561 424
569 424
570 424
571 424
439 424
450 424
458 424
466 424
469 424
470 424
427 424
428 424
429 424
425 424
426 424
441 425
451 425
460 425
467 425
469 425
471 425
426 425
443 426
452 426
461 426
468 426
470 426
471 426
485 427
545 427
554 427
563 427
569 427
573 427
574 427
428 427
429 427
488 428
546 428
558 428
565 428
570 428
573 428
576 428
429 428
489 429
547 429
559 429
567 429
571 429
574 429
576 429
490 430
548 430
560 430
568 430
572 430
575 430
576 430
444 430
456 430
465 430
471 430
472 430
473 430
445 431
448 431
450 431
451 431
452 431
434 431
437 431
439 431
441 431
443 431
491 432
534 432
577 432
580 432
581 432
582 432
583 432
435 432
438 432
440 432
442 432
443 432
493 433
535 433
578 433
580 433
584 433
585 433
586 433
446 433
449 433
453 433
454 433
455 433
445 434
457 434
458 434
460 434
461 434
437 434
439 434
441 434
443 434
494 435
537 435
577 435
588 435
589 435
590 435
591 435
438 435
440 435
442 435
443 435
496 436
539 436
579 436
589 436
592 436
593 436
594 436
447 436
459 436
462 436
463 436
464 436
448 437
457 437
466 437
467 437
468 437
439 437
441 437
443 437
498 438
540 438
580 438
588 438
596 438
597 438
598 438
440 438
442 438
443 438
450 439
458 439
466 439
469 439
470 439
441 439
443 439
499 440
542 440
581 440
589 440
596 440
599 440
600 440
442 440
443 440
451 441
460 441
467 441
469 441
471 441
443 441
500 442
543 442
582 442
590 442
597 442
599 442
601 442
443 442
501 443
544 443
583 443
591 443
598 443
600 443
601 443
452 443
461 443
468 443
470 443
471 443
505 444
548 444
587 444
595 444
601 444
602 444
603 444
456 444
465 444
471 444
472 444
473 444
457 445
458 445
460 445
461 445
448 445
450 445
451 445
452 445
507 446
549 446
578 446
604 446
606 446
607 446
608 446
449 446
453 446
454 446
455 446
508 447
551 447
579 447
605 447
606 447
609 447
610 447
459 447
462 447
463 447
464 447
457 448
466 448
467 448
468 448
450 448
451 448
452 448
510 449
552 449
580 449
604 449
612 449
613 449
614 449
453 449
454 449
455 449
458 450
466 450
469 450
470 450
451 450
452 450
460 451
467 451
469 451
471 451
452 451
461 452
468 452
470 452
471 452
512 453
555 453
584 453
606 453
612 453
616 453
617 453
454 453
455 453
514 454
556 454
585 454
607 454
613 454
616 454
618 454
455 454
515 455
557 455
586 455
608 455
614 455
617 455
618 455
516 456
560 456
587 456
611 456
615 456
618 456
619 456
465 456
471 456
472 456
473 456
466 457
467 457
468 457
458 457
460 457
461 457
466 458
469 458
470 458
460 458
461 458
518 459
562 459
589 459
605 459
620 459
621 459
622 459
462 459
463 459
464 459
467 460
469 460
471 460
461 460
468 461
470 461
471 461
520 462
564 462
592 462
606 462
620 462
624 462
625 462
463 462
464 462
523 463
566 463
593 463
609 463
621 463
624 463
627 463
464 463
524 464
567 464
594 464
610 464
622 464
625 464
627 464
525 465
568 465
595 465
611 465
623 465
626 465
627 465
471 465
472 465
473 465
469 466
470 466
467 466
468 466
469 467
471 467
468 467
470 468
471 468
471 469
470 469
471 470
529 471
572 471
601 471
615 471
623 471
628 471
629 471
472 471
473 471
532 472
575 472
602 472
618 472
626 472
628 472
630 472
473 472
533 473
576 473
603 473
619 473
627 473
629 473
630 473
534 474
537 474
540 474
542 474
543 474
544 474
491 474
494 474
498 474
499 474
500 474
501 474
492 475
495 475
497 475
502 475
503 475
504 475
477 475
480 475
483 475
485 475
486 475
487 475
536 476
538 476
541 476
545 476
546 476
547 476
479 476
481 476
484 476
485 476
488 476
489 476
492 477
506 477
509 477
511 477
513 477
515 477
480 477
483 477
485 477
486 477
487 477
535 478
549 478
552 478
555 478
556 478
557 478
493 478
507 478
510 478
512 478
514 478
515 478
536 479
550 479
553 479
554 479
558 479
559 479
481 479
484 479
485 479
488 479
489 479
495 480
506 480
517 480
519 480
521 480
522 480
483 480
485 480
486 480
487 480
538 481
550 481
561 481
563 481
565 481
567 481
484 481
485 481
488 481
489 481
539 482
551 482
562 482
564 482
566 482
567 482
496 482
508 482
518 482
520 482
523 482
524 482
497 483
509 483
517 483
526 483
527 483
528 483
485 483
486 483
487 483
541 484
553 484
561 484
569 484
570 484
571 484
485 484
488 484
489 484
545 485
554 485
563 485
569 485
573 485
574 485
502 485
511 485
519 485
526 485
530 485
531 485
488 485
489 485
486 485
487 485
503 486
513 486
521 486
527 486
530 486
532 486
487 486
504 487
515 487
522 487
528 487
531 487
532 487
546 488
558 488
565 488
570 488
573 488
576 488
489 488
547 489
559 489
567 489
571 489
574 489
576 489
548 490
560 490
568 490
572 490
575 490
576 490
505 490
516 490
525 490
529 490
532 490
533 490
534 491
577 491
580 491
581 491
582 491
583 491
494 491
498 491
499 491
500 491
501 491
506 492
509 492
511 492
513 492
515 492
495 492
497 492
502 492
503 492
504 492
535 493
578 493
580 493
584 493
585 493
586 493
507 493
510 493
512 493
514 493
515 493
537 494
577 494
588 494
589 494
590 494
591 494
498 494
499 494
500 494
501 494
506 495
517 495
519 495
521 495
522 495
497 495
502 495
503 495
504 495
539 496
579 496
589 496
592 496
593 496
594 496
508 496
518 496
520 496
523 496
524 496
509 497
517 497
526 497
527 497
528 497
502 497
503 497
504 497
540 498
580 498
588 498
596 498
597 498
598 498
499 498
500 498
501 498
542 499
581 499
589 499
596 499
599 499
600 499
500 499
501 499
543 500
582 500
590 500
597 500
599 500
601 500
501 500
544 501
583 501
591 501
598 501
600 501
601 501
511 502
519 502
526 502
530 502
531 502
503 502
504 502
513 503
521 503
527 503
530 503
532 503
504 503
515 504
522 504
528 504
531 504
532 504
548 505
587 505
595 505
601 505
602 505
603 505
516 505
525 505
529 505
532 505
533 505
517 506
519 506
521 506
522 506
509 506
511 506
513 506
515 506
549 507
578 507
604 507
606 507
607 507
608 507
510 507
512 507
514 507
515 507
551 508
579 508
605 508
606 508
609 508
610 508
518 508
520 508
523 508
524 508
517 509
526 509
527 509
528 509
511 509
513 509
515 509
552 510
580 510
604 510
612 510
613 510
614 510
512 510
514 510
515 510
519 511
526 511
530 511
531 511
513 511
515 511
555 512
584 512
606 512
612 512
616 512
617 512
514 512
515 512
521 513
527 513
530 513
532 513
515 513
556 514
585 514
607 514
613 514
616 514
618 514
515 514
557 515
586 515
608 515
614 515
617 515
618 515
522 515
528 515
531 515
532 515
560 516
587 516
611 516
615 516
618 516
619 516
525 516
529 516
532 516
533 516
526 517
527 517
528 517
519 517
521 517
522 517
562 518
589 518
605 518
620 518
621 518
622 518
520 518
523 518
524 518
526 519
530 519
531 519
521 519
522 519
564 520
592 520
606 520
620 520
624 520
625 520
523 520
524 520
527 521
530 521
532 521
522 521
528 522
531 522
532 522
566 523
593 523
609 523
621 523
624 523
627 523
524 523
567 524
594 524
610 524
622 524
625 524
627 524
568 525
595 525
611 525
623 525
626 525
627 525
529 525
532 525
533 525
530 526
531 526
527 526
528 526
530 527
532 527
528 527
531 528
532 528
572 529
601 529
615 529
623 529
628 529
629 529
532 529
533 529
532 530
531 530
532 531
575 532
602 532
618 532
626 532
628 532
630 532
533 532
576 533
603 533
619 533
627 533
629 533
630 533
577 534
580 534
581 534
582 534
583 534
537 534
540 534
542 534
543 534
544 534
578 535
580 535
584 535
585 535
586 535
549 535
552 535
555 535
556 535
557 535
550 536
553 536
554 536
558 536
559 536
538 536
541 536
545 536
546 536
547 536
577 537
588 537
589 537
590 537
591 537
540 537
542 537
543 537
544 537
550 538
561 538
563 538
565 538
567 538
541 538
545 538
546 538
547 538
579 539
589 539
592 539
593 539
594 539
551 539
562 539
564 539
566 539
567 539
580 540
588 540
596 540
597 540
598 540
542 540
543 540
544 540
553 541
561 541
569 541
570 541
571 541
545 541
546 541
547 541
581 542
589 542
596 542
599 542
600 542
543 542
544 542
582 543
590 543
597 543
599 543
601 543
544 543
583 544
591 544
598 544
600 544
601 544
554 545
563 545
569 545
573 545
574 545
546 545
547 545
558 546
565 546
570 546
573 546
576 546
547 546
559 547
567 547
571 547
574 547
576 547
587 548
595 548
601 548
602 548
603 548
560 548
568 548
572 548
575 548
576 548
578 549
604 549
606 549
607 549
608 549
552 549
555 549
556 549
557 549
561 550
563 550
565 550
567 550
553 550
554 550
558 550
559 550
579 551
605 551
606 551
609 551
610 551
562 551
564 551
566 551
567 551
580 552
604 552
612 552
613 552
614 552
555 552
556 552
557 552
561 553
569 553
570 553
571 553
554 553
558 553
559 553
563 554
569 554
573 554
574 554
558 554
559 554
584 555
606 555
612 555
616 555
617 555
556 555
557 555
585 556
607 556
613 556
616 556
618 556
557 556
586 557
608 557
614 557
617 557
618 557
565 558
570 558
573 558
576 558
559 558
567 559
571 559
574 559
576 559
587 560
611 560
615 560
618 560
619 560
568 560
572 560
575 560
576 560
569 561
570 561
571 561
563 561
565 561
567 561
589 562
605 562
620 562
621 562
622 562
564 562
566 562
567 562
569 563
573 563
574 563
565 563
567 563
592 564
606 564
620 564
624 564
625 564
566 564
567 564
570 565
573 565
576 565
567 565
593 566
609 566
621 566
624 566
627 566
567 566
594 567
610 567
622 567
625 567
627 567
571 567
574 567
576 567
595 568
611 568
623 568
626 568
627 568
572 568
575 568
576 568
573 569
574 569
570 569
571 569
573 570
576 570
571 570
574 571
576 571
601 572
615 572
623 572
628 572
629 572
575 572
576 572
576 573
574 573
576 574
602 575
618 575
626 575
628 575
630 575
576 575
603 576
619 576
627 576
629 576
630 576
588 577
589 577
590 577
591 577
580 577
581 577
582 577
583 577
604 578
606 578
607 578
608 578
580 578
584 578
585 578
586 578
605 579
606 579
609 579
610 579
589 579
592 579
593 579
594 579
604 580
612 580
613 580
614 580
588 580
596 580
597 580
598 580
584 580
585 580
586 580
581 580
582 580
583 580
589 581
596 581
599 581
600 581
582 581
583 581
590 582
597 582
599 582
601 582
583 582
591 583
598 583
600 583
601 583
606 584
612 584
616 584
617 584
585 584
586 584
607 585
613 585
616 585
618 585
586 585
608 586
614 586
617 586
618 586
611 587
615 587
618 587
619 587
595 587
601 587
602 587
603 587
596 588
597 588
598 588
589 588
590 588
591 588
605 589
620 589
621 589
622 589
596 589
599 589
600 589
592 589
593 589
594 589
590 589
591 589
597 590
599 590
601 590
591 590
598 591
600 591
601 591
606 592
620 592
624 592
625 592
593 592
594 592
609 593
621 593
624 593
627 593
594 593
610 594
622 594
625 594
627 594
611 595
623 595
626 595
627 595
601 595
602 595
603 595
599 596
600 596
597 596
598 596
599 597
601 597
598 597
600 598
601 598
601 599
600 599
601 600
615 601
623 601
628 601
629 601
602 601
603 601
618 602
626 602
628 602
630 602
603 602
619 603
627 603
629 603
630 603
612 604
613 604
614 604
606 604
607 604
608 604
620 605
621 605
622 605
606 605
609 605
610 605
620 606
624 606
625 606
612 606
616 606
617 606
609 606
610 606
607 606
608 606
613 607
616 607
618 607
608 607
614 608
617 608
618 608
621 609
624 609
627 609
610 609
622 610
625 610
627 610
623 611
626 611
627 611
615 611
618 611
619 611
616 612
617 612
613 612
614 612
616 613
618 613
614 613
617 614
618 614
623 615
628 615
629 615
618 615
619 615
618 616
617 616
618 617
626 618
628 618
630 618
619 618
627 619
629 619
630 619
624 620
625 620
621 620
622 620
624 621
627 621
622 621
625 622
627 622
628 623
629 623
626 623
627 623
627 624
625 624
627 625
628 626
630 626
627 626
629 627
630 627
630 628
629 628
630 629
