3753
1 2
3 2
32 2
4 2
33 2
31 2
62 2
4 3
33 3
1 3
32 3
5 3
34 3
63 3
5 4
34 4
6 4
35 4
33 4
64 4
34 5
35 5
36 5
65 5
6 5
7 5
7 6
36 6
8 6
37 6
35 6
66 6
8 7
9 7
38 7
36 7
37 7
67 7
9 8
38 8
10 8
39 8
37 8
68 8
10 9
39 9
38 9
11 9
40 9
69 9
39 10
40 10
41 10
70 10
11 10
12 10
12 11
41 11
13 11
42 11
40 11
71 11
13 12
14 12
43 12
41 12
42 12
72 12
42 13
14 13
43 13
15 13
44 13
73 13
15 14
44 14
16 14
45 14
43 14
74 14
44 15
45 15
46 15
75 15
16 15
17 15
17 16
46 16
18 16
47 16
45 16
76 16
18 17
19 17
48 17
46 17
47 17
77 17
19 18
48 18
47 18
20 18
49 18
78 18
20 19
49 19
21 19
50 19
48 19
79 19
49 20
50 20
51 20
80 20
21 20
22 20
50 21
22 21
51 21
23 21
52 21
81 21
23 22
24 22
53 22
51 22
52 22
82 22
24 23
53 23
52 23
25 23
54 23
83 23
25 24
54 24
26 24
55 24
53 24
84 24
54 25
55 25
56 25
85 25
26 25
27 25
55 26
27 26
56 26
28 26
57 26
86 26
28 27
29 27
58 27
56 27
57 27
87 27
29 28
58 28
30 28
59 28
57 28
88 28
30 29
59 29
60 29
58 29
89 29
60 30
59 30
90 30
1 31
32 31
61 31
33 31
62 31
91 31
1 32
61 32
62 32
63 32
92 32
33 32
34 32
34 33
63 33
62 33
35 33
64 33
93 33
35 34
36 34
65 34
63 34
64 34
94 34
36 35
65 35
37 35
66 35
64 35
95 35
37 36
66 36
38 36
67 36
65 36
96 36
66 37
67 37
68 37
97 37
38 37
39 37
39 38
68 38
67 38
40 38
69 38
98 38
40 39
41 39
70 39
69 39
68 39
99 39
69 40
41 40
70 40
42 40
71 40
100 40
42 41
71 41
43 41
72 41
70 41
101 41
43 42
72 42
71 42
73 42
102 42
44 42
44 43
73 43
45 43
74 43
72 43
103 43
45 44
46 44
75 44
73 44
74 44
104 44
46 45
75 45
47 45
76 45
74 45
105 45
47 46
76 46
48 46
77 46
75 46
106 46
48 47
77 47
76 47
78 47
107 47
49 47
77 48
49 48
78 48
50 48
79 48
108 48
78 49
50 49
79 49
51 49
80 49
109 49
79 50
80 50
81 50
110 50
51 50
52 50
52 51
81 51
53 51
82 51
80 51
111 51
53 52
82 52
54 52
83 52
81 52
112 52
82 53
54 53
83 53
55 53
84 53
113 53
55 54
84 54
56 54
85 54
83 54
114 54
84 55
56 55
85 55
57 55
86 55
115 55
57 56
86 56
58 56
87 56
85 56
116 56
58 57
87 57
86 57
59 57
88 57
117 57
59 58
88 58
60 58
89 58
87 58
118 58
88 59
60 59
89 59
90 59
119 59
89 60
90 60
120 60
62 61
91 61
63 61
92 61
121 61
1 61
91 62
92 62
93 62
122 62
63 62
64 62
92 63
64 63
93 63
65 63
94 63
123 63
93 64
94 64
95 64
124 64
65 64
66 64
94 65
66 65
95 65
67 65
96 65
125 65
95 66
96 66
97 66
126 66
67 66
68 66
68 67
97 67
96 67
69 67
98 67
127 67
97 68
98 68
99 68
128 68
69 68
70 68
98 69
70 69
99 69
71 69
100 69
129 69
99 70
100 70
101 70
130 70
71 70
72 70
72 71
101 71
100 71
73 71
102 71
131 71
101 72
102 72
103 72
132 72
73 72
74 72
102 73
74 73
103 73
75 73
104 73
133 73
103 74
104 74
105 74
134 74
75 74
76 74
104 75
76 75
105 75
77 75
106 75
135 75
105 76
106 76
107 76
136 76
77 76
78 76
78 77
107 77
106 77
79 77
108 77
137 77
107 78
108 78
109 78
138 78
79 78
80 78
108 79
80 79
109 79
81 79
110 79
139 79
109 80
110 80
111 80
140 80
81 80
82 80
110 81
82 81
111 81
83 81
112 81
141 81
111 82
112 82
113 82
142 82
83 82
84 82
112 83
84 83
113 83
85 83
114 83
143 83
113 84
114 84
115 84
144 84
85 84
86 84
86 85
115 85
87 85
116 85
114 85
145 85
115 86
116 86
117 86
146 86
87 86
88 86
116 87
88 87
117 87
89 87
118 87
147 87
117 88
118 88
119 88
148 88
89 88
90 88
118 89
90 89
119 89
120 89
149 89
119 90
120 90
150 90
92 91
121 91
93 91
122 91
151 91
93 92
122 92
94 92
123 92
121 92
152 92
94 93
123 93
95 93
124 93
122 93
153 93
95 94
124 94
96 94
125 94
123 94
154 94
96 95
125 95
97 95
126 95
124 95
155 95
97 96
126 96
125 96
98 96
127 96
156 96
98 97
127 97
99 97
128 97
126 97
157 97
127 98
99 98
128 98
100 98
129 98
158 98
100 99
129 99
101 99
130 99
128 99
159 99
129 100
101 100
130 100
102 100
131 100
160 100
102 101
131 101
103 101
132 101
130 101
161 101
131 102
103 102
132 102
104 102
133 102
162 102
104 103
133 103
105 103
134 103
132 103
163 103
133 104
105 104
134 104
106 104
135 104
164 104
106 105
135 105
107 105
136 105
134 105
165 105
135 106
107 106
136 106
108 106
137 106
166 106
108 107
137 107
109 107
138 107
136 107
167 107
137 108
109 108
138 108
110 108
139 108
168 108
110 109
139 109
111 109
140 109
138 109
169 109
139 110
140 110
141 110
170 110
111 110
112 110
112 111
141 111
113 111
142 111
140 111
171 111
113 112
114 112
143 112
141 112
142 112
172 112
142 113
114 113
143 113
115 113
144 113
173 113
115 114
116 114
145 114
144 114
143 114
174 114
144 115
116 115
145 115
117 115
146 115
175 115
117 116
118 116
147 116
145 116
146 116
176 116
146 117
118 117
147 117
119 117
148 117
177 117
119 118
120 118
149 118
147 118
148 118
178 118
120 119
149 119
150 119
148 119
179 119
149 120
150 120
180 120
122 121
151 121
123 121
152 121
181 121
151 122
152 122
153 122
182 122
123 122
124 122
124 123
153 123
125 123
154 123
152 123
183 123
153 124
154 124
155 124
184 124
125 124
126 124
154 125
126 125
155 125
127 125
156 125
185 125
155 126
156 126
157 126
186 126
127 126
128 126
156 127
128 127
157 127
129 127
158 127
187 127
157 128
158 128
159 128
188 128
129 128
130 128
158 129
130 129
159 129
131 129
160 129
189 129
159 130
160 130
161 130
190 130
131 130
132 130
160 131
132 131
161 131
133 131
162 131
191 131
161 132
162 132
163 132
192 132
133 132
134 132
162 133
134 133
163 133
135 133
164 133
193 133
163 134
164 134
165 134
194 134
135 134
136 134
164 135
136 135
165 135
137 135
166 135
195 135
165 136
166 136
167 136
196 136
137 136
138 136
166 137
138 137
167 137
139 137
168 137
197 137
167 138
168 138
169 138
198 138
139 138
140 138
168 139
140 139
169 139
141 139
170 139
199 139
169 140
170 140
171 140
200 140
141 140
142 140
170 141
142 141
171 141
143 141
172 141
201 141
171 142
172 142
173 142
202 142
143 142
144 142
172 143
144 143
173 143
145 143
174 143
203 143
173 144
174 144
175 144
204 144
145 144
146 144
174 145
146 145
175 145
147 145
176 145
205 145
175 146
176 146
177 146
206 146
147 146
148 146
176 147
148 147
177 147
149 147
178 147
207 147
177 148
178 148
179 148
208 148
149 148
150 148
178 149
150 149
179 149
180 149
209 149
179 150
180 150
210 150
152 151
181 151
153 151
182 151
211 151
181 152
153 152
182 152
154 152
183 152
212 152
154 153
183 153
155 153
184 153
182 153
213 153
183 154
155 154
184 154
156 154
185 154
214 154
156 155
185 155
157 155
186 155
184 155
215 155
185 156
157 156
186 156
158 156
187 156
216 156
158 157
187 157
159 157
188 157
186 157
217 157
187 158
159 158
188 158
160 158
189 158
218 158
160 159
189 159
161 159
190 159
188 159
219 159
161 160
190 160
189 160
162 160
191 160
220 160
162 161
191 161
163 161
192 161
190 161
221 161
163 162
192 162
191 162
164 162
193 162
222 162
164 163
193 163
165 163
194 163
192 163
223 163
193 164
165 164
194 164
166 164
195 164
224 164
166 165
195 165
167 165
196 165
194 165
225 165
195 166
167 166
196 166
168 166
197 166
226 166
168 167
197 167
169 167
198 167
196 167
227 167
169 168
198 168
197 168
170 168
199 168
228 168
198 169
170 169
199 169
171 169
200 169
229 169
171 170
200 170
199 170
201 170
230 170
172 170
200 171
172 171
201 171
173 171
202 171
231 171
173 172
202 172
174 172
203 172
201 172
232 172
202 173
174 173
203 173
175 173
204 173
233 173
175 174
204 174
176 174
205 174
203 174
234 174
204 175
176 175
205 175
177 175
206 175
235 175
177 176
178 176
207 176
206 176
205 176
236 176
206 177
178 177
207 177
179 177
208 177
237 177
179 178
208 178
180 178
209 178
207 178
238 178
208 179
180 179
209 179
210 179
239 179
210 180
209 180
240 180
182 181
211 181
183 181
212 181
241 181
211 182
212 182
213 182
242 182
183 182
184 182
212 183
184 183
213 183
185 183
214 183
243 183
213 184
214 184
215 184
244 184
185 184
186 184
214 185
186 185
215 185
187 185
216 185
245 185
215 186
216 186
217 186
246 186
187 186
188 186
216 187
188 187
217 187
189 187
218 187
247 187
217 188
218 188
219 188
248 188
189 188
190 188
218 189
190 189
219 189
191 189
220 189
249 189
219 190
220 190
221 190
250 190
191 190
192 190
192 191
221 191
193 191
222 191
220 191
251 191
221 192
222 192
223 192
252 192
193 192
194 192
222 193
194 193
223 193
195 193
224 193
253 193
223 194
224 194
225 194
254 194
195 194
196 194
224 195
196 195
225 195
197 195
226 195
255 195
225 196
226 196
227 196
256 196
197 196
198 196
226 197
198 197
227 197
199 197
228 197
257 197
227 198
228 198
229 198
258 198
199 198
200 198
200 199
229 199
201 199
230 199
228 199
259 199
201 200
230 200
229 200
231 200
260 200
202 200
230 201
202 201
231 201
203 201
232 201
261 201
231 202
232 202
233 202
262 202
203 202
204 202
204 203
233 203
205 203
234 203
232 203
263 203
233 204
234 204
235 204
264 204
205 204
206 204
206 205
235 205
207 205
236 205
234 205
265 205
235 206
236 206
237 206
266 206
207 206
208 206
208 207
237 207
209 207
238 207
236 207
267 207
237 208
238 208
239 208
268 208
209 208
210 208
210 209
239 209
240 209
238 209
269 209
240 210
239 210
270 210
212 211
241 211
213 211
242 211
271 211
213 212
242 212
241 212
214 212
243 212
272 212
214 213
243 213
215 213
244 213
242 213
273 213
215 214
244 214
216 214
245 214
243 214
274 214
216 215
245 215
217 215
246 215
244 215
275 215
245 216
217 216
246 216
218 216
247 216
276 216
218 217
247 217
219 217
248 217
246 217
277 217
247 218
219 218
248 218
220 218
249 218
278 218
220 219
249 219
221 219
250 219
248 219
279 219
249 220
221 220
250 220
222 220
251 220
280 220
222 221
251 221
223 221
252 221
250 221
281 221
223 222
252 222
251 222
224 222
253 222
282 222
224 223
253 223
225 223
254 223
252 223
283 223
253 224
225 224
254 224
226 224
255 224
284 224
226 225
255 225
227 225
256 225
254 225
285 225
255 226
227 226
256 226
228 226
257 226
286 226
228 227
257 227
229 227
258 227
256 227
287 227
257 228
229 228
258 228
230 228
259 228
288 228
230 229
259 229
231 229
260 229
258 229
289 229
259 230
260 230
261 230
290 230
231 230
232 230
232 231
261 231
233 231
262 231
260 231
291 231
233 232
234 232
263 232
261 232
262 232
292 232
234 233
263 233
262 233
235 233
264 233
293 233
235 234
236 234
265 234
263 234
264 234
294 234
236 235
265 235
237 235
266 235
264 235
295 235
237 236
238 236
267 236
265 236
266 236
296 236
238 237
267 237
239 237
268 237
266 237
297 237
239 238
240 238
269 238
267 238
268 238
298 238
240 239
269 239
268 239
270 239
299 239
269 240
270 240
300 240
242 241
271 241
243 241
272 241
301 241
271 242
272 242
273 242
302 242
243 242
244 242
244 243
273 243
245 243
274 243
272 243
303 243
273 244
274 244
275 244
304 244
245 244
246 244
246 245
275 245
247 245
276 245
274 245
305 245
275 246
276 246
277 246
306 246
247 246
248 246
276 247
248 247
277 247
249 247
278 247
307 247
277 248
278 248
279 248
308 248
249 248
250 248
250 249
279 249
251 249
280 249
278 249
309 249
279 250
280 250
281 250
310 250
251 250
252 250
252 251
281 251
280 251
253 251
282 251
311 251
281 252
282 252
283 252
312 252
253 252
254 252
254 253
283 253
255 253
284 253
282 253
313 253
283 254
284 254
285 254
314 254
255 254
256 254
256 255
285 255
257 255
286 255
284 255
315 255
285 256
286 256
287 256
316 256
257 256
258 256
258 257
287 257
259 257
288 257
286 257
317 257
287 258
288 258
289 258
318 258
259 258
260 258
260 259
289 259
261 259
290 259
288 259
319 259
289 260
290 260
291 260
320 260
261 260
262 260
262 261
291 261
263 261
292 261
290 261
321 261
291 262
292 262
293 262
322 262
263 262
264 262
264 263
293 263
265 263
294 263
292 263
323 263
293 264
294 264
295 264
324 264
265 264
266 264
266 265
295 265
267 265
296 265
294 265
325 265
295 266
296 266
297 266
326 266
267 266
268 266
268 267
297 267
269 267
298 267
296 267
327 267
297 268
298 268
299 268
328 268
269 268
270 268
270 269
299 269
300 269
298 269
329 269
299 270
300 270
330 270
272 271
301 271
273 271
302 271
331 271
301 272
273 272
302 272
274 272
303 272
332 272
274 273
303 273
275 273
304 273
302 273
333 273
303 274
275 274
304 274
276 274
305 274
334 274
276 275
305 275
277 275
306 275
304 275
335 275
305 276
277 276
306 276
278 276
307 276
336 276
278 277
307 277
279 277
308 277
306 277
337 277
307 278
279 278
308 278
280 278
309 278
338 278
280 279
309 279
281 279
310 279
308 279
339 279
309 280
281 280
310 280
282 280
311 280
340 280
282 281
311 281
283 281
312 281
310 281
341 281
311 282
283 282
312 282
284 282
313 282
342 282
284 283
313 283
285 283
314 283
312 283
343 283
313 284
285 284
314 284
286 284
315 284
344 284
314 285
286 285
315 285
287 285
316 285
345 285
315 286
287 286
316 286
288 286
317 286
346 286
288 287
317 287
316 287
289 287
318 287
347 287
289 288
318 288
317 288
290 288
319 288
348 288
318 289
290 289
319 289
291 289
320 289
349 289
319 290
320 290
321 290
350 290
291 290
292 290
320 291
292 291
321 291
293 291
322 291
351 291
293 292
294 292
323 292
321 292
322 292
352 292
322 293
294 293
323 293
295 293
324 293
353 293
323 294
295 294
296 294
325 294
324 294
354 294
324 295
296 295
325 295
297 295
326 295
355 295
297 296
298 296
327 296
325 296
326 296
356 296
326 297
298 297
327 297
299 297
328 297
357 297
299 298
300 298
329 298
327 298
328 298
358 298
300 299
329 299
328 299
330 299
359 299
329 300
330 300
360 300
302 301
331 301
303 301
332 301
361 301
331 302
332 302
333 302
362 302
303 302
304 302
304 303
333 303
332 303
305 303
334 303
363 303
333 304
334 304
335 304
364 304
305 304
306 304
306 305
335 305
307 305
336 305
334 305
365 305
335 306
336 306
337 306
366 306
307 306
308 306
308 307
337 307
309 307
338 307
336 307
367 307
337 308
338 308
339 308
368 308
309 308
310 308
310 309
339 309
311 309
340 309
338 309
369 309
339 310
340 310
341 310
370 310
311 310
312 310
312 311
341 311
313 311
342 311
340 311
371 311
341 312
342 312
343 312
372 312
313 312
314 312
342 313
314 313
343 313
315 313
344 313
373 313
343 314
344 314
345 314
374 314
315 314
316 314
316 315
345 315
344 315
317 315
346 315
375 315
317 316
346 316
345 316
347 316
376 316
318 316
346 317
318 317
347 317
319 317
348 317
377 317
347 318
348 318
349 318
378 318
319 318
320 318
320 319
349 319
321 319
350 319
348 319
379 319
321 320
350 320
349 320
351 320
380 320
322 320
350 321
322 321
351 321
323 321
352 321
381 321
351 322
352 322
353 322
382 322
323 322
324 322
324 323
353 323
325 323
354 323
352 323
383 323
325 324
354 324
353 324
355 324
384 324
326 324
354 325
326 325
355 325
327 325
356 325
385 325
355 326
356 326
357 326
386 326
327 326
328 326
328 327
357 327
329 327
358 327
356 327
387 327
357 328
358 328
359 328
388 328
329 328
330 328
330 329
359 329
360 329
358 329
389 329
360 330
359 330
390 330
332 331
361 331
333 331
362 331
391 331
333 332
362 332
361 332
334 332
363 332
392 332
362 333
334 333
363 333
335 333
364 333
393 333
335 334
364 334
336 334
365 334
363 334
394 334
336 335
365 335
337 335
366 335
364 335
395 335
337 336
366 336
365 336
338 336
367 336
396 336
338 337
367 337
339 337
368 337
366 337
397 337
339 338
368 338
340 338
369 338
367 338
398 338
340 339
369 339
368 339
341 339
370 339
399 339
341 340
370 340
369 340
342 340
371 340
400 340
370 341
342 341
371 341
343 341
372 341
401 341
343 342
372 342
344 342
373 342
371 342
402 342
344 343
373 343
345 343
374 343
372 343
403 343
345 344
374 344
346 344
375 344
373 344
404 344
346 345
375 345
347 345
376 345
374 345
405 345
347 346
376 346
348 346
377 346
375 346
406 346
348 347
377 347
349 347
378 347
376 347
407 347
349 348
378 348
350 348
379 348
377 348
408 348
350 349
379 349
351 349
380 349
378 349
409 349
379 350
380 350
381 350
410 350
351 350
352 350
352 351
381 351
353 351
382 351
380 351
411 351
353 352
354 352
383 352
382 352
381 352
412 352
382 353
354 353
383 353
355 353
384 353
413 353
355 354
356 354
385 354
383 354
384 354
414 354
356 355
385 355
357 355
386 355
384 355
415 355
357 356
358 356
387 356
386 356
385 356
416 356
386 357
358 357
387 357
359 357
388 357
417 357
359 358
360 358
389 358
388 358
387 358
418 358
360 359
389 359
390 359
388 359
419 359
389 360
390 360
420 360
362 361
391 361
363 361
392 361
421 361
391 362
392 362
393 362
422 362
363 362
364 362
364 363
393 363
392 363
365 363
394 363
423 363
393 364
394 364
395 364
424 364
365 364
366 364
394 365
366 365
395 365
367 365
396 365
425 365
395 366
396 366
397 366
426 366
367 366
368 366
368 367
397 367
396 367
369 367
398 367
427 367
397 368
398 368
399 368
428 368
369 368
370 368
398 369
370 369
399 369
371 369
400 369
429 369
399 370
400 370
401 370
430 370
371 370
372 370
372 371
401 371
373 371
402 371
400 371
431 371
401 372
402 372
403 372
432 372
373 372
374 372
374 373
403 373
375 373
404 373
402 373
433 373
403 374
404 374
405 374
434 374
375 374
376 374
376 375
405 375
377 375
406 375
404 375
435 375
405 376
406 376
407 376
436 376
377 376
378 376
378 377
407 377
379 377
408 377
406 377
437 377
407 378
408 378
409 378
438 378
379 378
380 378
380 379
409 379
381 379
410 379
408 379
439 379
409 380
410 380
411 380
440 380
381 380
382 380
382 381
411 381
410 381
383 381
412 381
441 381
411 382
412 382
413 382
442 382
383 382
384 382
384 383
413 383
412 383
385 383
414 383
443 383
413 384
414 384
415 384
444 384
385 384
386 384
386 385
415 385
387 385
416 385
414 385
445 385
415 386
416 386
417 386
446 386
387 386
388 386
388 387
417 387
389 387
418 387
416 387
447 387
417 388
418 388
419 388
448 388
389 388
390 388
390 389
419 389
420 389
418 389
449 389
419 390
420 390
450 390
392 391
421 391
393 391
422 391
451 391
393 392
422 392
394 392
423 392
421 392
452 392
394 393
423 393
395 393
424 393
422 393
453 393
395 394
424 394
423 394
396 394
425 394
454 394
424 395
396 395
425 395
397 395
426 395
455 395
397 396
426 396
425 396
398 396
427 396
456 396
398 397
427 397
399 397
428 397
426 397
457 397
399 398
428 398
400 398
429 398
427 398
458 398
400 399
429 399
401 399
430 399
428 399
459 399
401 400
430 400
402 400
431 400
429 400
460 400
402 401
431 401
403 401
432 401
430 401
461 401
431 402
403 402
432 402
404 402
433 402
462 402
404 403
433 403
405 403
434 403
432 403
463 403
433 404
405 404
434 404
406 404
435 404
464 404
406 405
435 405
407 405
436 405
434 405
465 405
435 406
407 406
436 406
408 406
437 406
408 407
437 407
409 407
438 407
436 407
437 408
409 408
438 408
410 408
439 408
410 409
439 409
411 409
440 409
438 409
439 410
440 410
441 410
411 410
412 410
412 411
441 411
440 411
413 411
442 411
413 412
414 412
443 412
441 412
442 412
414 413
443 413
442 413
415 413
444 413
415 414
416 414
445 414
443 414
444 414
416 415
445 415
417 415
446 415
444 415
445 416
417 416
418 416
447 416
446 416
418 417
447 417
419 417
448 417
446 417
419 418
420 418
449 418
447 418
448 418
420 419
449 419
448 419
450 419
449 420
450 420
422 421
451 421
423 421
452 421
466 421
451 422
452 422
453 422
467 422
423 422
424 422
424 423
453 423
425 423
454 423
452 423
468 423
453 424
454 424
455 424
469 424
425 424
426 424
426 425
455 425
427 425
456 425
454 425
470 425
455 426
456 426
457 426
471 426
427 426
428 426
428 427
457 427
456 427
429 427
458 427
472 427
457 428
458 428
459 428
473 428
429 428
430 428
458 429
430 429
459 429
431 429
460 429
474 429
459 430
460 430
461 430
475 430
431 430
432 430
432 431
461 431
433 431
462 431
460 431
476 431
461 432
462 432
463 432
477 432
433 432
434 432
434 433
463 433
435 433
464 433
462 433
478 433
463 434
464 434
465 434
479 434
435 434
436 434
436 435
465 435
437 435
464 435
480 435
465 436
437 436
438 436
438 437
439 437
439 438
440 438
440 439
441 439
441 440
442 440
442 441
443 441
443 442
444 442
444 443
445 443
445 444
446 444
446 445
447 445
447 446
448 446
448 447
449 447
449 448
450 448
450 449
452 451
466 451
453 451
467 451
481 451
453 452
467 452
454 452
468 452
466 452
482 452
454 453
468 453
467 453
455 453
469 453
483 453
455 454
469 454
456 454
470 454
468 454
484 454
469 455
456 455
470 455
457 455
471 455
485 455
457 456
471 456
458 456
472 456
470 456
486 456
471 457
458 457
472 457
459 457
473 457
487 457
459 458
473 458
460 458
474 458
472 458
488 458
460 459
474 459
473 459
461 459
475 459
489 459
461 460
475 460
462 460
476 460
474 460
490 460
462 461
476 461
475 461
463 461
477 461
491 461
463 462
477 462
464 462
478 462
476 462
492 462
477 463
464 463
478 463
465 463
479 463
493 463
465 464
479 464
480 464
478 464
494 464
480 465
479 465
495 465
467 466
468 466
482 466
481 466
496 466
468 467
482 467
481 467
469 467
483 467
497 467
469 468
483 468
470 468
484 468
482 468
498 468
470 469
484 469
483 469
471 469
485 469
499 469
471 470
472 470
486 470
484 470
485 470
500 470
472 471
486 471
473 471
487 471
485 471
501 471
473 472
487 472
474 472
488 472
486 472
502 472
487 473
474 473
488 473
475 473
489 473
503 473
475 474
489 474
476 474
490 474
488 474
504 474
489 475
476 475
490 475
477 475
491 475
505 475
477 476
491 476
478 476
492 476
490 476
506 476
491 477
492 477
493 477
507 477
478 477
479 477
479 478
493 478
480 478
494 478
492 478
508 478
493 479
494 479
495 479
509 479
480 479
495 480
494 480
510 480
482 481
496 481
483 481
497 481
511 481
483 482
497 482
484 482
498 482
496 482
512 482
497 483
484 483
498 483
485 483
499 483
513 483
485 484
499 484
486 484
500 484
498 484
514 484
499 485
486 485
500 485
487 485
501 485
515 485
487 486
501 486
488 486
502 486
500 486
516 486
501 487
488 487
502 487
489 487
503 487
517 487
489 488
503 488
490 488
504 488
502 488
518 488
503 489
490 489
504 489
491 489
505 489
519 489
491 490
505 490
492 490
506 490
504 490
520 490
505 491
492 491
506 491
493 491
507 491
521 491
493 492
507 492
494 492
508 492
506 492
522 492
507 493
494 493
508 493
495 493
509 493
523 493
495 494
509 494
510 494
508 494
524 494
510 495
509 495
525 495
497 496
498 496
512 496
511 496
526 496
498 497
512 497
499 497
513 497
511 497
527 497
499 498
500 498
514 498
513 498
512 498
528 498
500 499
514 499
501 499
515 499
513 499
529 499
501 500
502 500
516 500
514 500
515 500
530 500
502 501
516 501
503 501
517 501
515 501
531 501
503 502
504 502
518 502
517 502
516 502
532 502
517 503
504 503
518 503
505 503
519 503
533 503
505 504
506 504
520 504
518 504
519 504
534 504
506 505
520 505
507 505
521 505
519 505
535 505
507 506
508 506
522 506
521 506
520 506
536 506
508 507
522 507
509 507
523 507
521 507
537 507
509 508
510 508
524 508
523 508
522 508
538 508
523 509
510 509
524 509
525 509
539 509
524 510
525 510
540 510
512 511
526 511
513 511
527 511
541 511
526 512
527 512
528 512
542 512
513 512
514 512
514 513
528 513
527 513
515 513
529 513
543 513
528 514
529 514
530 514
544 514
515 514
516 514
529 515
516 515
530 515
517 515
531 515
545 515
517 516
531 516
530 516
532 516
546 516
518 516
518 517
532 517
519 517
533 517
531 517
547 517
532 518
533 518
534 518
548 518
519 518
520 518
520 519
534 519
533 519
521 519
535 519
549 519
534 520
535 520
536 520
550 520
521 520
522 520
522 521
536 521
523 521
537 521
535 521
551 521
536 522
537 522
538 522
552 522
523 522
524 522
537 523
524 523
538 523
525 523
539 523
553 523
525 524
539 524
538 524
540 524
554 524
540 525
539 525
555 525
527 526
541 526
528 526
542 526
556 526
528 527
542 527
541 527
529 527
543 527
557 527
529 528
543 528
542 528
530 528
544 528
558 528
530 529
544 529
531 529
545 529
543 529
559 529
531 530
545 530
532 530
546 530
544 530
560 530
532 531
546 531
533 531
547 531
545 531
561 531
533 532
547 532
546 532
534 532
548 532
562 532
534 533
548 533
535 533
549 533
547 533
563 533
535 534
549 534
536 534
550 534
548 534
564 534
536 535
550 535
549 535
537 535
551 535
565 535
550 536
551 536
552 536
566 536
537 536
538 536
538 537
552 537
539 537
553 537
551 537
567 537
539 538
553 538
540 538
554 538
552 538
568 538
553 539
540 539
554 539
555 539
569 539
554 540
555 540
570 540
542 541
556 541
543 541
557 541
571 541
543 542
557 542
556 542
558 542
572 542
544 542
557 543
544 543
558 543
545 543
559 543
573 543
558 544
559 544
560 544
574 544
545 544
546 544
546 545
560 545
547 545
561 545
559 545
575 545
547 546
561 546
560 546
562 546
576 546
548 546
548 547
562 547
561 547
549 547
563 547
577 547
549 548
563 548
562 548
564 548
578 548
550 548
563 549
550 549
564 549
551 549
565 549
579 549
551 550
565 550
564 550
566 550
580 550
552 550
565 551
552 551
566 551
553 551
567 551
581 551
566 552
567 552
568 552
582 552
553 552
554 552
554 553
568 553
555 553
569 553
567 553
583 553
555 554
569 554
568 554
570 554
584 554
569 555
570 555
585 555
557 556
571 556
558 556
572 556
586 556
558 557
572 557
571 557
559 557
573 557
587 557
559 558
573 558
560 558
574 558
572 558
588 558
560 559
574 559
573 559
561 559
575 559
589 559
561 560
575 560
562 560
576 560
574 560
590 560
562 561
576 561
563 561
577 561
575 561
591 561
563 562
577 562
564 562
578 562
576 562
592 562
564 563
578 563
565 563
579 563
577 563
593 563
565 564
579 564
566 564
580 564
578 564
594 564
566 565
580 565
567 565
581 565
579 565
595 565
567 566
581 566
568 566
582 566
580 566
596 566
568 567
582 567
569 567
583 567
581 567
597 567
569 568
583 568
570 568
584 568
582 568
598 568
570 569
584 569
585 569
583 569
599 569
585 570
584 570
600 570
572 571
573 571
587 571
586 571
601 571
573 572
587 572
586 572
574 572
588 572
602 572
574 573
575 573
589 573
587 573
588 573
603 573
575 574
589 574
576 574
590 574
588 574
604 574
576 575
577 575
591 575
589 575
590 575
605 575
577 576
591 576
578 576
592 576
590 576
606 576
578 577
579 577
593 577
591 577
592 577
607 577
579 578
593 578
580 578
594 578
592 578
608 578
580 579
581 579
595 579
593 579
594 579
609 579
581 580
595 580
594 580
582 580
596 580
610 580
582 581
583 581
597 581
595 581
596 581
611 581
583 582
597 582
584 582
598 582
596 582
612 582
584 583
585 583
599 583
597 583
598 583
613 583
585 584
599 584
600 584
598 584
614 584
599 585
600 585
615 585
587 586
601 586
588 586
602 586
616 586
601 587
602 587
603 587
617 587
588 587
589 587
589 588
603 588
590 588
604 588
602 588
618 588
603 589
604 589
605 589
619 589
590 589
591 589
591 590
605 590
592 590
606 590
604 590
620 590
605 591
606 591
607 591
621 591
592 591
593 591
593 592
607 592
594 592
608 592
606 592
622 592
607 593
608 593
609 593
623 593
594 593
595 593
595 594
609 594
596 594
610 594
608 594
624 594
609 595
610 595
611 595
625 595
596 595
597 595
597 596
611 596
610 596
598 596
612 596
626 596
611 597
598 597
599 597
613 597
612 597
627 597
599 598
613 598
600 598
614 598
612 598
628 598
600 599
614 599
615 599
613 599
629 599
615 600
614 600
630 600
602 601
603 601
617 601
616 601
631 601
616 602
603 602
617 602
604 602
618 602
632 602
604 603
605 603
619 603
617 603
618 603
633 603
605 604
619 604
618 604
606 604
620 604
634 604
619 605
606 605
607 605
621 605
620 605
635 605
607 606
621 606
620 606
608 606
622 606
636 606
608 607
609 607
623 607
621 607
622 607
637 607
609 608
623 608
622 608
610 608
624 608
638 608
623 609
610 609
624 609
611 609
625 609
639 609
611 610
625 610
624 610
612 610
626 610
640 610
625 611
612 611
613 611
627 611
626 611
641 611
613 612
627 612
626 612
614 612
628 612
642 612
627 613
614 613
615 613
629 613
628 613
643 613
628 614
615 614
629 614
630 614
644 614
629 615
630 615
645 615
617 616
631 616
618 616
632 616
646 616
631 617
632 617
633 617
647 617
618 617
619 617
619 618
633 618
620 618
634 618
632 618
648 618
633 619
634 619
635 619
649 619
620 619
621 619
621 620
635 620
622 620
636 620
634 620
650 620
635 621
636 621
637 621
651 621
622 621
623 621
623 622
637 622
624 622
638 622
636 622
652 622
637 623
638 623
639 623
653 623
624 623
625 623
625 624
639 624
626 624
640 624
638 624
654 624
639 625
640 625
641 625
655 625
626 625
627 625
627 626
641 626
628 626
642 626
640 626
656 626
641 627
642 627
643 627
657 627
628 627
629 627
629 628
643 628
630 628
644 628
642 628
658 628
643 629
644 629
645 629
659 629
630 629
645 630
644 630
660 630
632 631
646 631
633 631
647 631
661 631
633 632
647 632
634 632
648 632
646 632
662 632
647 633
634 633
648 633
635 633
649 633
663 633
635 634
649 634
636 634
650 634
648 634
664 634
649 635
636 635
650 635
637 635
651 635
665 635
637 636
651 636
638 636
652 636
650 636
666 636
651 637
638 637
652 637
639 637
653 637
667 637
639 638
653 638
640 638
654 638
652 638
668 638
653 639
640 639
654 639
641 639
655 639
669 639
641 640
655 640
642 640
656 640
654 640
670 640
655 641
642 641
656 641
643 641
657 641
671 641
643 642
657 642
644 642
658 642
656 642
672 642
657 643
644 643
658 643
645 643
659 643
673 643
645 644
659 644
660 644
658 644
674 644
659 645
660 645
675 645
647 646
661 646
648 646
662 646
648 647
662 647
649 647
663 647
661 647
649 648
650 648
664 648
662 648
663 648
650 649
664 649
663 649
651 649
665 649
664 650
651 650
652 650
666 650
665 650
652 651
666 651
653 651
667 651
665 651
653 652
654 652
668 652
666 652
667 652
667 653
654 653
668 653
655 653
669 653
655 654
669 654
656 654
670 654
668 654
656 655
670 655
669 655
657 655
671 655
657 656
658 656
672 656
670 656
671 656
671 657
658 657
672 657
659 657
673 657
659 658
673 658
672 658
660 658
674 658
673 659
674 659
675 659
660 659
674 660
675 660
662 661
663 661
663 662
664 662
664 663
665 663
665 664
666 664
666 665
667 665
667 666
668 666
668 667
669 667
669 668
670 668
670 669
671 669
671 670
672 670
672 671
673 671
673 672
674 672
674 673
675 673
675 674
