9420
141 2
142 2
143 2
144 2
145 2
146 2
147 2
148 3
149 3
150 3
151 3
152 3
153 3
154 3
155 4
156 4
157 4
158 4
159 4
160 4
161 4
162 4
163 4
155 5
156 5
157 5
158 5
159 5
160 5
161 5
162 5
163 5
164 6
165 6
166 6
167 6
168 6
169 6
170 6
171 6
172 6
164 7
165 7
166 7
167 7
168 7
169 7
170 7
171 7
172 7
173 8
174 8
175 8
176 8
177 8
178 8
179 8
180 8
181 8
173 9
174 9
175 9
176 9
177 9
178 9
179 9
180 9
181 9
182 10
183 10
184 10
185 10
186 10
187 10
188 10
189 10
190 10
182 11
183 11
184 11
185 11
186 11
187 11
188 11
189 11
190 11
191 12
192 12
193 12
194 12
195 12
196 12
197 12
198 12
199 12
191 13
192 13
193 13
194 13
195 13
196 13
197 13
198 13
199 13
200 14
201 14
202 14
203 14
204 14
205 14
206 14
207 14
208 14
200 15
201 15
202 15
203 15
204 15
205 15
206 15
207 15
208 15
209 16
210 16
211 16
212 16
213 16
214 16
215 16
216 16
217 16
209 17
210 17
211 17
212 17
213 17
214 17
215 17
216 17
217 17
218 18
219 18
220 18
221 18
222 18
223 18
224 18
225 18
226 18
218 19
219 19
220 19
221 19
222 19
223 19
224 19
225 19
226 19
227 20
228 20
229 20
230 20
231 20
232 20
233 20
234 20
235 20
227 21
228 21
229 21
230 21
231 21
232 21
233 21
234 21
235 21
236 22
237 22
238 22
239 22
240 22
241 22
242 22
243 22
244 22
236 23
237 23
238 23
239 23
240 23
241 23
242 23
243 23
244 23
245 24
246 24
247 24
248 24
249 24
250 24
251 24
252 24
253 24
245 25
246 25
247 25
248 25
249 25
250 25
251 25
252 25
253 25
254 26
255 26
256 26
257 26
258 26
259 26
260 26
261 26
262 26
254 27
255 27
256 27
257 27
258 27
259 27
260 27
261 27
262 27
263 28
264 28
265 28
266 28
267 28
268 28
269 28
270 28
271 28
263 29
264 29
265 29
266 29
267 29
268 29
269 29
270 29
271 29
272 30
273 30
274 30
275 30
276 30
277 30
278 30
279 30
280 30
272 31
273 31
274 31
275 31
276 31
277 31
278 31
279 31
280 31
281 32
282 32
283 32
284 32
285 32
286 32
287 32
288 32
289 32
281 33
282 33
283 33
284 33
285 33
286 33
287 33
288 33
289 33
290 34
291 34
292 34
293 34
294 34
295 34
296 34
297 34
298 34
290 35
291 35
292 35
293 35
294 35
295 35
296 35
297 35
298 35
299 36
300 36
301 36
302 36
303 36
304 36
305 36
306 36
307 36
299 37
300 37
301 37
302 37
303 37
304 37
305 37
306 37
307 37
308 38
309 38
310 38
311 38
312 38
313 38
314 38
315 38
316 38
308 39
309 39
310 39
311 39
312 39
313 39
314 39
315 39
316 39
317 40
318 40
319 40
320 40
321 40
322 40
323 40
324 40
325 40
317 41
318 41
319 41
320 41
321 41
322 41
323 41
324 41
325 41
326 42
327 42
328 42
329 42
330 42
331 42
332 42
333 42
334 42
326 43
327 43
328 43
329 43
330 43
331 43
332 43
333 43
334 43
134 44
135 44
136 44
137 44
138 44
139 44
140 44
155 44
156 44
157 44
164 44
165 44
166 44
141 45
142 45
143 45
144 45
145 45
146 45
147 45
158 45
159 45
160 45
167 45
168 45
169 45
148 46
149 46
150 46
151 46
152 46
153 46
154 46
161 46
162 46
163 46
170 46
171 46
172 46
134 47
135 47
136 47
137 47
138 47
139 47
140 47
155 47
156 47
157 47
164 47
165 47
166 47
173 47
174 47
175 47
182 47
183 47
184 47
141 48
142 48
143 48
144 48
145 48
146 48
147 48
158 48
159 48
160 48
167 48
168 48
169 48
176 48
177 48
178 48
185 48
186 48
187 48
148 49
149 49
150 49
151 49
152 49
153 49
154 49
161 49
162 49
163 49
170 49
171 49
172 49
179 49
180 49
181 49
188 49
189 49
190 49
134 50
135 50
136 50
137 50
138 50
139 50
140 50
155 50
156 50
157 50
164 50
165 50
166 50
173 50
174 50
175 50
182 50
183 50
184 50
191 50
192 50
193 50
200 50
201 50
202 50
141 51
142 51
143 51
144 51
145 51
146 51
147 51
158 51
159 51
160 51
167 51
168 51
169 51
176 51
177 51
178 51
185 51
186 51
187 51
194 51
195 51
196 51
203 51
204 51
205 51
148 52
149 52
150 52
151 52
152 52
153 52
154 52
161 52
162 52
163 52
170 52
171 52
172 52
179 52
180 52
181 52
188 52
189 52
190 52
197 52
198 52
199 52
206 52
207 52
208 52
134 53
135 53
136 53
137 53
138 53
139 53
140 53
155 53
156 53
157 53
164 53
165 53
166 53
173 53
174 53
175 53
182 53
183 53
184 53
191 53
192 53
193 53
200 53
201 53
202 53
209 53
210 53
211 53
218 53
219 53
220 53
141 54
142 54
143 54
144 54
145 54
146 54
147 54
158 54
159 54
160 54
167 54
168 54
169 54
176 54
177 54
178 54
185 54
186 54
187 54
194 54
195 54
196 54
203 54
204 54
205 54
212 54
213 54
214 54
221 54
222 54
223 54
148 55
149 55
150 55
151 55
152 55
153 55
154 55
161 55
162 55
163 55
170 55
171 55
172 55
179 55
180 55
181 55
188 55
189 55
190 55
197 55
198 55
199 55
206 55
207 55
208 55
215 55
216 55
217 55
224 55
225 55
226 55
134 56
135 56
136 56
137 56
138 56
139 56
140 56
155 56
156 56
157 56
164 56
165 56
166 56
173 56
174 56
175 56
182 56
183 56
184 56
191 56
192 56
193 56
200 56
201 56
202 56
209 56
210 56
211 56
218 56
219 56
220 56
227 56
228 56
229 56
236 56
237 56
238 56
141 57
142 57
143 57
144 57
145 57
146 57
147 57
158 57
159 57
160 57
167 57
168 57
169 57
176 57
177 57
178 57
185 57
186 57
187 57
194 57
195 57
196 57
203 57
204 57
205 57
212 57
213 57
214 57
221 57
222 57
223 57
230 57
231 57
232 57
239 57
240 57
241 57
148 58
149 58
150 58
151 58
152 58
153 58
154 58
161 58
162 58
163 58
170 58
171 58
172 58
179 58
180 58
181 58
188 58
189 58
190 58
197 58
198 58
199 58
206 58
207 58
208 58
215 58
216 58
217 58
224 58
225 58
226 58
233 58
234 58
235 58
242 58
243 58
244 58
134 59
135 59
136 59
137 59
138 59
139 59
140 59
155 59
156 59
157 59
164 59
165 59
166 59
173 59
174 59
175 59
182 59
183 59
184 59
191 59
192 59
193 59
200 59
201 59
202 59
209 59
210 59
211 59
218 59
219 59
220 59
227 59
228 59
229 59
236 59
237 59
238 59
245 59
246 59
247 59
254 59
255 59
256 59
141 60
142 60
143 60
144 60
145 60
146 60
147 60
158 60
159 60
160 60
167 60
168 60
169 60
176 60
177 60
178 60
185 60
186 60
187 60
194 60
195 60
196 60
203 60
204 60
205 60
212 60
213 60
214 60
221 60
222 60
223 60
230 60
231 60
232 60
239 60
240 60
241 60
248 60
249 60
250 60
257 60
258 60
259 60
148 61
149 61
150 61
151 61
152 61
153 61
154 61
161 61
162 61
163 61
170 61
171 61
172 61
179 61
180 61
181 61
188 61
189 61
190 61
197 61
198 61
199 61
206 61
207 61
208 61
215 61
216 61
217 61
224 61
225 61
226 61
233 61
234 61
235 61
242 61
243 61
244 61
251 61
252 61
253 61
260 61
261 61
262 61
134 62
135 62
136 62
137 62
138 62
139 62
140 62
155 62
156 62
157 62
164 62
165 62
166 62
173 62
174 62
175 62
182 62
183 62
184 62
191 62
192 62
193 62
200 62
201 62
202 62
209 62
210 62
211 62
218 62
219 62
220 62
227 62
228 62
229 62
236 62
237 62
238 62
245 62
246 62
247 62
254 62
255 62
256 62
263 62
264 62
265 62
272 62
273 62
274 62
141 63
142 63
143 63
144 63
145 63
146 63
147 63
158 63
159 63
160 63
167 63
168 63
169 63
176 63
177 63
178 63
185 63
186 63
187 63
194 63
195 63
196 63
203 63
204 63
205 63
212 63
213 63
214 63
221 63
222 63
223 63
230 63
231 63
232 63
239 63
240 63
241 63
248 63
249 63
250 63
257 63
258 63
259 63
266 63
267 63
268 63
275 63
276 63
277 63
148 64
149 64
150 64
151 64
152 64
153 64
154 64
161 64
162 64
163 64
170 64
171 64
172 64
179 64
180 64
181 64
188 64
189 64
190 64
197 64
198 64
199 64
206 64
207 64
208 64
215 64
216 64
217 64
224 64
225 64
226 64
233 64
234 64
235 64
242 64
243 64
244 64
251 64
252 64
253 64
260 64
261 64
262 64
269 64
270 64
271 64
278 64
279 64
280 64
134 65
135 65
136 65
137 65
138 65
139 65
140 65
155 65
156 65
157 65
164 65
165 65
166 65
173 65
174 65
175 65
182 65
183 65
184 65
191 65
192 65
193 65
200 65
201 65
202 65
209 65
210 65
211 65
218 65
219 65
220 65
227 65
228 65
229 65
236 65
237 65
238 65
245 65
246 65
247 65
254 65
255 65
256 65
263 65
264 65
265 65
272 65
273 65
274 65
281 65
282 65
283 65
290 65
291 65
292 65
141 66
142 66
143 66
144 66
145 66
146 66
147 66
158 66
159 66
160 66
167 66
168 66
169 66
176 66
177 66
178 66
185 66
186 66
187 66
194 66
195 66
196 66
203 66
204 66
205 66
212 66
213 66
214 66
221 66
222 66
223 66
230 66
231 66
232 66
239 66
240 66
241 66
248 66
249 66
250 66
257 66
258 66
259 66
266 66
267 66
268 66
275 66
276 66
277 66
284 66
285 66
286 66
293 66
294 66
295 66
148 67
149 67
150 67
151 67
152 67
153 67
154 67
161 67
162 67
163 67
170 67
171 67
172 67
179 67
180 67
181 67
188 67
189 67
190 67
197 67
198 67
199 67
206 67
207 67
208 67
215 67
216 67
217 67
224 67
225 67
226 67
233 67
234 67
235 67
242 67
243 67
244 67
251 67
252 67
253 67
260 67
261 67
262 67
269 67
270 67
271 67
278 67
279 67
280 67
287 67
288 67
289 67
296 67
297 67
298 67
134 68
135 68
136 68
137 68
138 68
139 68
140 68
155 68
156 68
157 68
164 68
165 68
166 68
173 68
174 68
175 68
182 68
183 68
184 68
191 68
192 68
193 68
200 68
201 68
202 68
209 68
210 68
211 68
218 68
219 68
220 68
227 68
228 68
229 68
236 68
237 68
238 68
245 68
246 68
247 68
254 68
255 68
256 68
263 68
264 68
265 68
272 68
273 68
274 68
281 68
282 68
283 68
290 68
291 68
292 68
299 68
300 68
301 68
308 68
309 68
310 68
141 69
142 69
143 69
144 69
145 69
146 69
147 69
158 69
159 69
160 69
167 69
168 69
169 69
176 69
177 69
178 69
185 69
186 69
187 69
194 69
195 69
196 69
203 69
204 69
205 69
212 69
213 69
214 69
221 69
222 69
223 69
230 69
231 69
232 69
239 69
240 69
241 69
248 69
249 69
250 69
257 69
258 69
259 69
266 69
267 69
268 69
275 69
276 69
277 69
284 69
285 69
286 69
293 69
294 69
295 69
302 69
303 69
304 69
311 69
312 69
313 69
148 70
149 70
150 70
151 70
152 70
153 70
154 70
161 70
162 70
163 70
170 70
171 70
172 70
179 70
180 70
181 70
188 70
189 70
190 70
197 70
198 70
199 70
206 70
207 70
208 70
215 70
216 70
217 70
224 70
225 70
226 70
233 70
234 70
235 70
242 70
243 70
244 70
251 70
252 70
253 70
260 70
261 70
262 70
269 70
270 70
271 70
278 70
279 70
280 70
287 70
288 70
289 70
296 70
297 70
298 70
305 70
306 70
307 70
314 70
315 70
316 70
134 71
135 71
136 71
137 71
138 71
139 71
140 71
155 71
156 71
157 71
164 71
165 71
166 71
173 71
174 71
175 71
182 71
183 71
184 71
191 71
192 71
193 71
200 71
201 71
202 71
209 71
210 71
211 71
218 71
219 71
220 71
227 71
228 71
229 71
236 71
237 71
238 71
245 71
246 71
247 71
254 71
255 71
256 71
263 71
264 71
265 71
272 71
273 71
274 71
281 71
282 71
283 71
290 71
291 71
292 71
299 71
300 71
301 71
308 71
309 71
310 71
317 71
318 71
319 71
326 71
327 71
328 71
141 72
142 72
143 72
144 72
145 72
146 72
147 72
158 72
159 72
160 72
167 72
168 72
169 72
176 72
177 72
178 72
185 72
186 72
187 72
194 72
195 72
196 72
203 72
204 72
205 72
212 72
213 72
214 72
221 72
222 72
223 72
230 72
231 72
232 72
239 72
240 72
241 72
248 72
249 72
250 72
257 72
258 72
259 72
266 72
267 72
268 72
275 72
276 72
277 72
284 72
285 72
286 72
293 72
294 72
295 72
302 72
303 72
304 72
311 72
312 72
313 72
320 72
321 72
322 72
329 72
330 72
331 72
148 73
149 73
150 73
151 73
152 73
153 73
154 73
161 73
162 73
163 73
170 73
171 73
172 73
179 73
180 73
181 73
188 73
189 73
190 73
197 73
198 73
199 73
206 73
207 73
208 73
215 73
216 73
217 73
224 73
225 73
226 73
233 73
234 73
235 73
242 73
243 73
244 73
251 73
252 73
253 73
260 73
261 73
262 73
269 73
270 73
271 73
278 73
279 73
280 73
287 73
288 73
289 73
296 73
297 73
298 73
305 73
306 73
307 73
314 73
315 73
316 73
323 73
324 73
325 73
332 73
333 73
334 73
155 74
158 74
161 74
156 75
159 75
162 75
157 76
160 76
163 76
164 77
167 77
170 77
165 78
168 78
171 78
166 79
169 79
172 79
155 80
156 80
157 80
173 80
176 80
179 80
158 81
159 81
160 81
174 81
177 81
180 81
161 82
162 82
163 82
175 82
178 82
181 82
164 83
165 83
166 83
182 83
185 83
188 83
167 84
168 84
169 84
183 84
186 84
189 84
170 85
171 85
172 85
184 85
187 85
190 85
173 86
174 86
175 86
191 86
194 86
197 86
176 87
177 87
178 87
192 87
195 87
198 87
179 88
180 88
181 88
193 88
196 88
199 88
182 89
183 89
184 89
200 89
203 89
206 89
185 90
186 90
187 90
201 90
204 90
207 90
188 91
189 91
190 91
202 91
205 91
208 91
191 92
192 92
193 92
209 92
212 92
215 92
194 93
195 93
196 93
210 93
213 93
216 93
197 94
198 94
199 94
211 94
214 94
217 94
200 95
201 95
202 95
218 95
221 95
224 95
203 96
204 96
205 96
219 96
222 96
225 96
206 97
207 97
208 97
220 97
223 97
226 97
209 98
210 98
211 98
227 98
230 98
233 98
212 99
213 99
214 99
228 99
231 99
234 99
215 100
216 100
217 100
229 100
232 100
235 100
218 101
219 101
220 101
236 101
239 101
242 101
221 102
222 102
223 102
237 102
240 102
243 102
224 103
225 103
226 103
238 103
241 103
244 103
227 104
228 104
229 104
245 104
248 104
251 104
230 105
231 105
232 105
246 105
249 105
252 105
233 106
234 106
235 106
247 106
250 106
253 106
236 107
237 107
238 107
254 107
257 107
260 107
239 108
240 108
241 108
255 108
258 108
261 108
242 109
243 109
244 109
256 109
259 109
262 109
245 110
246 110
247 110
263 110
266 110
269 110
248 111
249 111
250 111
264 111
267 111
270 111
251 112
252 112
253 112
265 112
268 112
271 112
254 113
255 113
256 113
272 113
275 113
278 113
257 114
258 114
259 114
273 114
276 114
279 114
260 115
261 115
262 115
274 115
277 115
280 115
263 116
264 116
265 116
281 116
284 116
287 116
266 117
267 117
268 117
282 117
285 117
288 117
269 118
270 118
271 118
283 118
286 118
289 118
272 119
273 119
274 119
290 119
293 119
296 119
275 120
276 120
277 120
291 120
294 120
297 120
278 121
279 121
280 121
292 121
295 121
298 121
281 122
282 122
283 122
299 122
302 122
305 122
284 123
285 123
286 123
300 123
303 123
306 123
287 124
288 124
289 124
301 124
304 124
307 124
290 125
291 125
292 125
308 125
311 125
314 125
293 126
294 126
295 126
309 126
312 126
315 126
296 127
297 127
298 127
310 127
313 127
316 127
299 128
300 128
301 128
317 128
320 128
323 128
302 129
303 129
304 129
318 129
321 129
324 129
305 130
306 130
307 130
319 130
322 130
325 130
308 131
309 131
310 131
326 131
329 131
332 131
311 132
312 132
313 132
327 132
330 132
333 132
314 133
315 133
316 133
328 133
331 133
334 133
1 134
135 134
136 134
137 134
138 134
139 134
140 134
155 134
156 134
157 134
164 134
165 134
166 134
173 134
174 134
175 134
182 134
183 134
184 134
191 134
192 134
193 134
200 134
201 134
202 134
209 134
210 134
211 134
218 134
219 134
220 134
227 134
228 134
229 134
236 134
237 134
238 134
245 134
246 134
247 134
254 134
255 134
256 134
263 134
264 134
265 134
272 134
273 134
274 134
281 134
282 134
283 134
290 134
291 134
292 134
299 134
300 134
301 134
308 134
309 134
310 134
317 134
318 134
319 134
326 134
327 134
328 134
1 135
136 135
137 135
138 135
139 135
140 135
155 135
156 135
157 135
164 135
165 135
166 135
173 135
174 135
175 135
182 135
183 135
184 135
191 135
192 135
193 135
200 135
201 135
202 135
209 135
210 135
211 135
218 135
219 135
220 135
227 135
228 135
229 135
236 135
237 135
238 135
245 135
246 135
247 135
254 135
255 135
256 135
263 135
264 135
265 135
272 135
273 135
274 135
281 135
282 135
283 135
290 135
291 135
292 135
299 135
300 135
301 135
308 135
309 135
310 135
317 135
318 135
319 135
326 135
327 135
328 135
1 136
137 136
138 136
139 136
140 136
155 136
156 136
157 136
164 136
165 136
166 136
173 136
174 136
175 136
182 136
183 136
184 136
191 136
192 136
193 136
200 136
201 136
202 136
209 136
210 136
211 136
218 136
219 136
220 136
227 136
228 136
229 136
236 136
237 136
238 136
245 136
246 136
247 136
254 136
255 136
256 136
263 136
264 136
265 136
272 136
273 136
274 136
281 136
282 136
283 136
290 136
291 136
292 136
299 136
300 136
301 136
308 136
309 136
310 136
317 136
318 136
319 136
326 136
327 136
328 136
1 137
138 137
139 137
140 137
155 137
156 137
157 137
164 137
165 137
166 137
173 137
174 137
175 137
182 137
183 137
184 137
191 137
192 137
193 137
200 137
201 137
202 137
209 137
210 137
211 137
218 137
219 137
220 137
227 137
228 137
229 137
236 137
237 137
238 137
245 137
246 137
247 137
254 137
255 137
256 137
263 137
264 137
265 137
272 137
273 137
274 137
281 137
282 137
283 137
290 137
291 137
292 137
299 137
300 137
301 137
308 137
309 137
310 137
317 137
318 137
319 137
326 137
327 137
328 137
1 138
139 138
140 138
155 138
156 138
157 138
164 138
165 138
166 138
173 138
174 138
175 138
182 138
183 138
184 138
191 138
192 138
193 138
200 138
201 138
202 138
209 138
210 138
211 138
218 138
219 138
220 138
227 138
228 138
229 138
236 138
237 138
238 138
245 138
246 138
247 138
254 138
255 138
256 138
263 138
264 138
265 138
272 138
273 138
274 138
281 138
282 138
283 138
290 138
291 138
292 138
299 138
300 138
301 138
308 138
309 138
310 138
317 138
318 138
319 138
326 138
327 138
328 138
1 139
140 139
155 139
156 139
157 139
164 139
165 139
166 139
173 139
174 139
175 139
182 139
183 139
184 139
191 139
192 139
193 139
200 139
201 139
202 139
209 139
210 139
211 139
218 139
219 139
220 139
227 139
228 139
229 139
236 139
237 139
238 139
245 139
246 139
247 139
254 139
255 139
256 139
263 139
264 139
265 139
272 139
273 139
274 139
281 139
282 139
283 139
290 139
291 139
292 139
299 139
300 139
301 139
308 139
309 139
310 139
317 139
318 139
319 139
326 139
327 139
328 139
1 140
155 140
156 140
157 140
164 140
165 140
166 140
173 140
174 140
175 140
182 140
183 140
184 140
191 140
192 140
193 140
200 140
201 140
202 140
209 140
210 140
211 140
218 140
219 140
220 140
227 140
228 140
229 140
236 140
237 140
238 140
245 140
246 140
247 140
254 140
255 140
256 140
263 140
264 140
265 140
272 140
273 140
274 140
281 140
282 140
283 140
290 140
291 140
292 140
299 140
300 140
301 140
308 140
309 140
310 140
317 140
318 140
319 140
326 140
327 140
328 140
142 141
143 141
144 141
145 141
146 141
147 141
158 141
159 141
160 141
167 141
168 141
169 141
176 141
177 141
178 141
185 141
186 141
187 141
194 141
195 141
196 141
203 141
204 141
205 141
212 141
213 141
214 141
221 141
222 141
223 141
230 141
231 141
232 141
239 141
240 141
241 141
248 141
249 141
250 141
257 141
258 141
259 141
266 141
267 141
268 141
275 141
276 141
277 141
284 141
285 141
286 141
293 141
294 141
295 141
302 141
303 141
304 141
311 141
312 141
313 141
320 141
321 141
322 141
329 141
330 141
331 141
143 142
144 142
145 142
146 142
147 142
158 142
159 142
160 142
167 142
168 142
169 142
176 142
177 142
178 142
185 142
186 142
187 142
194 142
195 142
196 142
203 142
204 142
205 142
212 142
213 142
214 142
221 142
222 142
223 142
230 142
231 142
232 142
239 142
240 142
241 142
248 142
249 142
250 142
257 142
258 142
259 142
266 142
267 142
268 142
275 142
276 142
277 142
284 142
285 142
286 142
293 142
294 142
295 142
302 142
303 142
304 142
311 142
312 142
313 142
320 142
321 142
322 142
329 142
330 142
331 142
144 143
145 143
146 143
147 143
158 143
159 143
160 143
167 143
168 143
169 143
176 143
177 143
178 143
185 143
186 143
187 143
194 143
195 143
196 143
203 143
204 143
205 143
212 143
213 143
214 143
221 143
222 143
223 143
230 143
231 143
232 143
239 143
240 143
241 143
248 143
249 143
250 143
257 143
258 143
259 143
266 143
267 143
268 143
275 143
276 143
277 143
284 143
285 143
286 143
293 143
294 143
295 143
302 143
303 143
304 143
311 143
312 143
313 143
320 143
321 143
322 143
329 143
330 143
331 143
145 144
146 144
147 144
158 144
159 144
160 144
167 144
168 144
169 144
176 144
177 144
178 144
185 144
186 144
187 144
194 144
195 144
196 144
203 144
204 144
205 144
212 144
213 144
214 144
221 144
222 144
223 144
230 144
231 144
232 144
239 144
240 144
241 144
248 144
249 144
250 144
257 144
258 144
259 144
266 144
267 144
268 144
275 144
276 144
277 144
284 144
285 144
286 144
293 144
294 144
295 144
302 144
303 144
304 144
311 144
312 144
313 144
320 144
321 144
322 144
329 144
330 144
331 144
146 145
147 145
158 145
159 145
160 145
167 145
168 145
169 145
176 145
177 145
178 145
185 145
186 145
187 145
194 145
195 145
196 145
203 145
204 145
205 145
212 145
213 145
214 145
221 145
222 145
223 145
230 145
231 145
232 145
239 145
240 145
241 145
248 145
249 145
250 145
257 145
258 145
259 145
266 145
267 145
268 145
275 145
276 145
277 145
284 145
285 145
286 145
293 145
294 145
295 145
302 145
303 145
304 145
311 145
312 145
313 145
320 145
321 145
322 145
329 145
330 145
331 145
147 146
158 146
159 146
160 146
167 146
168 146
169 146
176 146
177 146
178 146
185 146
186 146
187 146
194 146
195 146
196 146
203 146
204 146
205 146
212 146
213 146
214 146
221 146
222 146
223 146
230 146
231 146
232 146
239 146
240 146
241 146
248 146
249 146
250 146
257 146
258 146
259 146
266 146
267 146
268 146
275 146
276 146
277 146
284 146
285 146
286 146
293 146
294 146
295 146
302 146
303 146
304 146
311 146
312 146
313 146
320 146
321 146
322 146
329 146
330 146
331 146
158 147
159 147
160 147
167 147
168 147
169 147
176 147
177 147
178 147
185 147
186 147
187 147
194 147
195 147
196 147
203 147
204 147
205 147
212 147
213 147
214 147
221 147
222 147
223 147
230 147
231 147
232 147
239 147
240 147
241 147
248 147
249 147
250 147
257 147
258 147
259 147
266 147
267 147
268 147
275 147
276 147
277 147
284 147
285 147
286 147
293 147
294 147
295 147
302 147
303 147
304 147
311 147
312 147
313 147
320 147
321 147
322 147
329 147
330 147
331 147
149 148
150 148
151 148
152 148
153 148
154 148
161 148
162 148
163 148
170 148
171 148
172 148
179 148
180 148
181 148
188 148
189 148
190 148
197 148
198 148
199 148
206 148
207 148
208 148
215 148
216 148
217 148
224 148
225 148
226 148
233 148
234 148
235 148
242 148
243 148
244 148
251 148
252 148
253 148
260 148
261 148
262 148
269 148
270 148
271 148
278 148
279 148
280 148
287 148
288 148
289 148
296 148
297 148
298 148
305 148
306 148
307 148
314 148
315 148
316 148
323 148
324 148
325 148
332 148
333 148
334 148
150 149
151 149
152 149
153 149
154 149
161 149
162 149
163 149
170 149
171 149
172 149
179 149
180 149
181 149
188 149
189 149
190 149
197 149
198 149
199 149
206 149
207 149
208 149
215 149
216 149
217 149
224 149
225 149
226 149
233 149
234 149
235 149
242 149
243 149
244 149
251 149
252 149
253 149
260 149
261 149
262 149
269 149
270 149
271 149
278 149
279 149
280 149
287 149
288 149
289 149
296 149
297 149
298 149
305 149
306 149
307 149
314 149
315 149
316 149
323 149
324 149
325 149
332 149
333 149
334 149
151 150
152 150
153 150
154 150
161 150
162 150
163 150
170 150
171 150
172 150
179 150
180 150
181 150
188 150
189 150
190 150
197 150
198 150
199 150
206 150
207 150
208 150
215 150
216 150
217 150
224 150
225 150
226 150
233 150
234 150
235 150
242 150
243 150
244 150
251 150
252 150
253 150
260 150
261 150
262 150
269 150
270 150
271 150
278 150
279 150
280 150
287 150
288 150
289 150
296 150
297 150
298 150
305 150
306 150
307 150
314 150
315 150
316 150
323 150
324 150
325 150
332 150
333 150
334 150
152 151
153 151
154 151
161 151
162 151
163 151
170 151
171 151
172 151
179 151
180 151
181 151
188 151
189 151
190 151
197 151
198 151
199 151
206 151
207 151
208 151
215 151
216 151
217 151
224 151
225 151
226 151
233 151
234 151
235 151
242 151
243 151
244 151
251 151
252 151
253 151
260 151
261 151
262 151
269 151
270 151
271 151
278 151
279 151
280 151
287 151
288 151
289 151
296 151
297 151
298 151
305 151
306 151
307 151
314 151
315 151
316 151
323 151
324 151
325 151
332 151
333 151
334 151
153 152
154 152
161 152
162 152
163 152
170 152
171 152
172 152
179 152
180 152
181 152
188 152
189 152
190 152
197 152
198 152
199 152
206 152
207 152
208 152
215 152
216 152
217 152
224 152
225 152
226 152
233 152
234 152
235 152
242 152
243 152
244 152
251 152
252 152
253 152
260 152
261 152
262 152
269 152
270 152
271 152
278 152
279 152
280 152
287 152
288 152
289 152
296 152
297 152
298 152
305 152
306 152
307 152
314 152
315 152
316 152
323 152
324 152
325 152
332 152
333 152
334 152
154 153
161 153
162 153
163 153
170 153
171 153
172 153
179 153
180 153
181 153
188 153
189 153
190 153
197 153
198 153
199 153
206 153
207 153
208 153
215 153
216 153
217 153
224 153
225 153
226 153
233 153
234 153
235 153
242 153
243 153
244 153
251 153
252 153
253 153
260 153
261 153
262 153
269 153
270 153
271 153
278 153
279 153
280 153
287 153
288 153
289 153
296 153
297 153
298 153
305 153
306 153
307 153
314 153
315 153
316 153
323 153
324 153
325 153
332 153
333 153
334 153
161 154
162 154
163 154
170 154
171 154
172 154
179 154
180 154
181 154
188 154
189 154
190 154
197 154
198 154
199 154
206 154
207 154
208 154
215 154
216 154
217 154
224 154
225 154
226 154
233 154
234 154
235 154
242 154
243 154
244 154
251 154
252 154
253 154
260 154
261 154
262 154
269 154
270 154
271 154
278 154
279 154
280 154
287 154
288 154
289 154
296 154
297 154
298 154
305 154
306 154
307 154
314 154
315 154
316 154
323 154
324 154
325 154
332 154
333 154
334 154
156 155
157 155
158 155
159 155
160 155
161 155
162 155
163 155
164 155
165 155
166 155
173 155
174 155
175 155
182 155
183 155
184 155
191 155
192 155
193 155
200 155
201 155
202 155
209 155
210 155
211 155
218 155
219 155
220 155
227 155
228 155
229 155
236 155
237 155
238 155
245 155
246 155
247 155
254 155
255 155
256 155
263 155
264 155
265 155
272 155
273 155
274 155
281 155
282 155
283 155
290 155
291 155
292 155
299 155
300 155
301 155
308 155
309 155
310 155
317 155
318 155
319 155
326 155
327 155
328 155
176 155
179 155
157 156
158 156
159 156
160 156
161 156
162 156
163 156
164 156
165 156
166 156
173 156
174 156
175 156
182 156
183 156
184 156
191 156
192 156
193 156
200 156
201 156
202 156
209 156
210 156
211 156
218 156
219 156
220 156
227 156
228 156
229 156
236 156
237 156
238 156
245 156
246 156
247 156
254 156
255 156
256 156
263 156
264 156
265 156
272 156
273 156
274 156
281 156
282 156
283 156
290 156
291 156
292 156
299 156
300 156
301 156
308 156
309 156
310 156
317 156
318 156
319 156
326 156
327 156
328 156
176 156
179 156
158 157
159 157
160 157
161 157
162 157
163 157
164 157
165 157
166 157
173 157
174 157
175 157
182 157
183 157
184 157
191 157
192 157
193 157
200 157
201 157
202 157
209 157
210 157
211 157
218 157
219 157
220 157
227 157
228 157
229 157
236 157
237 157
238 157
245 157
246 157
247 157
254 157
255 157
256 157
263 157
264 157
265 157
272 157
273 157
274 157
281 157
282 157
283 157
290 157
291 157
292 157
299 157
300 157
301 157
308 157
309 157
310 157
317 157
318 157
319 157
326 157
327 157
328 157
176 157
179 157
159 158
160 158
161 158
162 158
163 158
167 158
168 158
169 158
176 158
177 158
178 158
185 158
186 158
187 158
194 158
195 158
196 158
203 158
204 158
205 158
212 158
213 158
214 158
221 158
222 158
223 158
230 158
231 158
232 158
239 158
240 158
241 158
248 158
249 158
250 158
257 158
258 158
259 158
266 158
267 158
268 158
275 158
276 158
277 158
284 158
285 158
286 158
293 158
294 158
295 158
302 158
303 158
304 158
311 158
312 158
313 158
320 158
321 158
322 158
329 158
330 158
331 158
174 158
180 158
160 159
161 159
162 159
163 159
167 159
168 159
169 159
176 159
177 159
178 159
185 159
186 159
187 159
194 159
195 159
196 159
203 159
204 159
205 159
212 159
213 159
214 159
221 159
222 159
223 159
230 159
231 159
232 159
239 159
240 159
241 159
248 159
249 159
250 159
257 159
258 159
259 159
266 159
267 159
268 159
275 159
276 159
277 159
284 159
285 159
286 159
293 159
294 159
295 159
302 159
303 159
304 159
311 159
312 159
313 159
320 159
321 159
322 159
329 159
330 159
331 159
174 159
180 159
161 160
162 160
163 160
167 160
168 160
169 160
176 160
177 160
178 160
185 160
186 160
187 160
194 160
195 160
196 160
203 160
204 160
205 160
212 160
213 160
214 160
221 160
222 160
223 160
230 160
231 160
232 160
239 160
240 160
241 160
248 160
249 160
250 160
257 160
258 160
259 160
266 160
267 160
268 160
275 160
276 160
277 160
284 160
285 160
286 160
293 160
294 160
295 160
302 160
303 160
304 160
311 160
312 160
313 160
320 160
321 160
322 160
329 160
330 160
331 160
174 160
180 160
162 161
163 161
170 161
171 161
172 161
179 161
180 161
181 161
188 161
189 161
190 161
197 161
198 161
199 161
206 161
207 161
208 161
215 161
216 161
217 161
224 161
225 161
226 161
233 161
234 161
235 161
242 161
243 161
244 161
251 161
252 161
253 161
260 161
261 161
262 161
269 161
270 161
271 161
278 161
279 161
280 161
287 161
288 161
289 161
296 161
297 161
298 161
305 161
306 161
307 161
314 161
315 161
316 161
323 161
324 161
325 161
332 161
333 161
334 161
175 161
178 161
163 162
170 162
171 162
172 162
179 162
180 162
181 162
188 162
189 162
190 162
197 162
198 162
199 162
206 162
207 162
208 162
215 162
216 162
217 162
224 162
225 162
226 162
233 162
234 162
235 162
242 162
243 162
244 162
251 162
252 162
253 162
260 162
261 162
262 162
269 162
270 162
271 162
278 162
279 162
280 162
287 162
288 162
289 162
296 162
297 162
298 162
305 162
306 162
307 162
314 162
315 162
316 162
323 162
324 162
325 162
332 162
333 162
334 162
175 162
178 162
170 163
171 163
172 163
179 163
180 163
181 163
188 163
189 163
190 163
197 163
198 163
199 163
206 163
207 163
208 163
215 163
216 163
217 163
224 163
225 163
226 163
233 163
234 163
235 163
242 163
243 163
244 163
251 163
252 163
253 163
260 163
261 163
262 163
269 163
270 163
271 163
278 163
279 163
280 163
287 163
288 163
289 163
296 163
297 163
298 163
305 163
306 163
307 163
314 163
315 163
316 163
323 163
324 163
325 163
332 163
333 163
334 163
175 163
178 163
165 164
166 164
167 164
168 164
169 164
170 164
171 164
172 164
173 164
174 164
175 164
182 164
183 164
184 164
191 164
192 164
193 164
200 164
201 164
202 164
209 164
210 164
211 164
218 164
219 164
220 164
227 164
228 164
229 164
236 164
237 164
238 164
245 164
246 164
247 164
254 164
255 164
256 164
263 164
264 164
265 164
272 164
273 164
274 164
281 164
282 164
283 164
290 164
291 164
292 164
299 164
300 164
301 164
308 164
309 164
310 164
317 164
318 164
319 164
326 164
327 164
328 164
185 164
188 164
166 165
167 165
168 165
169 165
170 165
171 165
172 165
173 165
174 165
175 165
182 165
183 165
184 165
191 165
192 165
193 165
200 165
201 165
202 165
209 165
210 165
211 165
218 165
219 165
220 165
227 165
228 165
229 165
236 165
237 165
238 165
245 165
246 165
247 165
254 165
255 165
256 165
263 165
264 165
265 165
272 165
273 165
274 165
281 165
282 165
283 165
290 165
291 165
292 165
299 165
300 165
301 165
308 165
309 165
310 165
317 165
318 165
319 165
326 165
327 165
328 165
185 165
188 165
167 166
168 166
169 166
170 166
171 166
172 166
173 166
174 166
175 166
182 166
183 166
184 166
191 166
192 166
193 166
200 166
201 166
202 166
209 166
210 166
211 166
218 166
219 166
220 166
227 166
228 166
229 166
236 166
237 166
238 166
245 166
246 166
247 166
254 166
255 166
256 166
263 166
264 166
265 166
272 166
273 166
274 166
281 166
282 166
283 166
290 166
291 166
292 166
299 166
300 166
301 166
308 166
309 166
310 166
317 166
318 166
319 166
326 166
327 166
328 166
185 166
188 166
168 167
169 167
170 167
171 167
172 167
176 167
177 167
178 167
185 167
186 167
187 167
194 167
195 167
196 167
203 167
204 167
205 167
212 167
213 167
214 167
221 167
222 167
223 167
230 167
231 167
232 167
239 167
240 167
241 167
248 167
249 167
250 167
257 167
258 167
259 167
266 167
267 167
268 167
275 167
276 167
277 167
284 167
285 167
286 167
293 167
294 167
295 167
302 167
303 167
304 167
311 167
312 167
313 167
320 167
321 167
322 167
329 167
330 167
331 167
183 167
189 167
169 168
170 168
171 168
172 168
176 168
177 168
178 168
185 168
186 168
187 168
194 168
195 168
196 168
203 168
204 168
205 168
212 168
213 168
214 168
221 168
222 168
223 168
230 168
231 168
232 168
239 168
240 168
241 168
248 168
249 168
250 168
257 168
258 168
259 168
266 168
267 168
268 168
275 168
276 168
277 168
284 168
285 168
286 168
293 168
294 168
295 168
302 168
303 168
304 168
311 168
312 168
313 168
320 168
321 168
322 168
329 168
330 168
331 168
183 168
189 168
170 169
171 169
172 169
176 169
177 169
178 169
185 169
186 169
187 169
194 169
195 169
196 169
203 169
204 169
205 169
212 169
213 169
214 169
221 169
222 169
223 169
230 169
231 169
232 169
239 169
240 169
241 169
248 169
249 169
250 169
257 169
258 169
259 169
266 169
267 169
268 169
275 169
276 169
277 169
284 169
285 169
286 169
293 169
294 169
295 169
302 169
303 169
304 169
311 169
312 169
313 169
320 169
321 169
322 169
329 169
330 169
331 169
183 169
189 169
171 170
172 170
179 170
180 170
181 170
188 170
189 170
190 170
197 170
198 170
199 170
206 170
207 170
208 170
215 170
216 170
217 170
224 170
225 170
226 170
233 170
234 170
235 170
242 170
243 170
244 170
251 170
252 170
253 170
260 170
261 170
262 170
269 170
270 170
271 170
278 170
279 170
280 170
287 170
288 170
289 170
296 170
297 170
298 170
305 170
306 170
307 170
314 170
315 170
316 170
323 170
324 170
325 170
332 170
333 170
334 170
184 170
187 170
172 171
179 171
180 171
181 171
188 171
189 171
190 171
197 171
198 171
199 171
206 171
207 171
208 171
215 171
216 171
217 171
224 171
225 171
226 171
233 171
234 171
235 171
242 171
243 171
244 171
251 171
252 171
253 171
260 171
261 171
262 171
269 171
270 171
271 171
278 171
279 171
280 171
287 171
288 171
289 171
296 171
297 171
298 171
305 171
306 171
307 171
314 171
315 171
316 171
323 171
324 171
325 171
332 171
333 171
334 171
184 171
187 171
179 172
180 172
181 172
188 172
189 172
190 172
197 172
198 172
199 172
206 172
207 172
208 172
215 172
216 172
217 172
224 172
225 172
226 172
233 172
234 172
235 172
242 172
243 172
244 172
251 172
252 172
253 172
260 172
261 172
262 172
269 172
270 172
271 172
278 172
279 172
280 172
287 172
288 172
289 172
296 172
297 172
298 172
305 172
306 172
307 172
314 172
315 172
316 172
323 172
324 172
325 172
332 172
333 172
334 172
184 172
187 172
174 173
175 173
176 173
177 173
178 173
179 173
180 173
181 173
182 173
183 173
184 173
191 173
192 173
193 173
200 173
201 173
202 173
209 173
210 173
211 173
218 173
219 173
220 173
227 173
228 173
229 173
236 173
237 173
238 173
245 173
246 173
247 173
254 173
255 173
256 173
263 173
264 173
265 173
272 173
273 173
274 173
281 173
282 173
283 173
290 173
291 173
292 173
299 173
300 173
301 173
308 173
309 173
310 173
317 173
318 173
319 173
326 173
327 173
328 173
194 173
197 173
175 174
176 174
177 174
178 174
179 174
180 174
181 174
182 174
183 174
184 174
191 174
192 174
193 174
200 174
201 174
202 174
209 174
210 174
211 174
218 174
219 174
220 174
227 174
228 174
229 174
236 174
237 174
238 174
245 174
246 174
247 174
254 174
255 174
256 174
263 174
264 174
265 174
272 174
273 174
274 174
281 174
282 174
283 174
290 174
291 174
292 174
299 174
300 174
301 174
308 174
309 174
310 174
317 174
318 174
319 174
326 174
327 174
328 174
194 174
197 174
176 175
177 175
178 175
179 175
180 175
181 175
182 175
183 175
184 175
191 175
192 175
193 175
200 175
201 175
202 175
209 175
210 175
211 175
218 175
219 175
220 175
227 175
228 175
229 175
236 175
237 175
238 175
245 175
246 175
247 175
254 175
255 175
256 175
263 175
264 175
265 175
272 175
273 175
274 175
281 175
282 175
283 175
290 175
291 175
292 175
299 175
300 175
301 175
308 175
309 175
310 175
317 175
318 175
319 175
326 175
327 175
328 175
194 175
197 175
177 176
178 176
179 176
180 176
181 176
185 176
186 176
187 176
194 176
195 176
196 176
203 176
204 176
205 176
212 176
213 176
214 176
221 176
222 176
223 176
230 176
231 176
232 176
239 176
240 176
241 176
248 176
249 176
250 176
257 176
258 176
259 176
266 176
267 176
268 176
275 176
276 176
277 176
284 176
285 176
286 176
293 176
294 176
295 176
302 176
303 176
304 176
311 176
312 176
313 176
320 176
321 176
322 176
329 176
330 176
331 176
192 176
198 176
178 177
179 177
180 177
181 177
185 177
186 177
187 177
194 177
195 177
196 177
203 177
204 177
205 177
212 177
213 177
214 177
221 177
222 177
223 177
230 177
231 177
232 177
239 177
240 177
241 177
248 177
249 177
250 177
257 177
258 177
259 177
266 177
267 177
268 177
275 177
276 177
277 177
284 177
285 177
286 177
293 177
294 177
295 177
302 177
303 177
304 177
311 177
312 177
313 177
320 177
321 177
322 177
329 177
330 177
331 177
192 177
198 177
179 178
180 178
181 178
185 178
186 178
187 178
194 178
195 178
196 178
203 178
204 178
205 178
212 178
213 178
214 178
221 178
222 178
223 178
230 178
231 178
232 178
239 178
240 178
241 178
248 178
249 178
250 178
257 178
258 178
259 178
266 178
267 178
268 178
275 178
276 178
277 178
284 178
285 178
286 178
293 178
294 178
295 178
302 178
303 178
304 178
311 178
312 178
313 178
320 178
321 178
322 178
329 178
330 178
331 178
192 178
198 178
180 179
181 179
188 179
189 179
190 179
197 179
198 179
199 179
206 179
207 179
208 179
215 179
216 179
217 179
224 179
225 179
226 179
233 179
234 179
235 179
242 179
243 179
244 179
251 179
252 179
253 179
260 179
261 179
262 179
269 179
270 179
271 179
278 179
279 179
280 179
287 179
288 179
289 179
296 179
297 179
298 179
305 179
306 179
307 179
314 179
315 179
316 179
323 179
324 179
325 179
332 179
333 179
334 179
193 179
196 179
181 180
188 180
189 180
190 180
197 180
198 180
199 180
206 180
207 180
208 180
215 180
216 180
217 180
224 180
225 180
226 180
233 180
234 180
235 180
242 180
243 180
244 180
251 180
252 180
253 180
260 180
261 180
262 180
269 180
270 180
271 180
278 180
279 180
280 180
287 180
288 180
289 180
296 180
297 180
298 180
305 180
306 180
307 180
314 180
315 180
316 180
323 180
324 180
325 180
332 180
333 180
334 180
193 180
196 180
188 181
189 181
190 181
197 181
198 181
199 181
206 181
207 181
208 181
215 181
216 181
217 181
224 181
225 181
226 181
233 181
234 181
235 181
242 181
243 181
244 181
251 181
252 181
253 181
260 181
261 181
262 181
269 181
270 181
271 181
278 181
279 181
280 181
287 181
288 181
289 181
296 181
297 181
298 181
305 181
306 181
307 181
314 181
315 181
316 181
323 181
324 181
325 181
332 181
333 181
334 181
193 181
196 181
183 182
184 182
185 182
186 182
187 182
188 182
189 182
190 182
191 182
192 182
193 182
200 182
201 182
202 182
209 182
210 182
211 182
218 182
219 182
220 182
227 182
228 182
229 182
236 182
237 182
238 182
245 182
246 182
247 182
254 182
255 182
256 182
263 182
264 182
265 182
272 182
273 182
274 182
281 182
282 182
283 182
290 182
291 182
292 182
299 182
300 182
301 182
308 182
309 182
310 182
317 182
318 182
319 182
326 182
327 182
328 182
203 182
206 182
184 183
185 183
186 183
187 183
188 183
189 183
190 183
191 183
192 183
193 183
200 183
201 183
202 183
209 183
210 183
211 183
218 183
219 183
220 183
227 183
228 183
229 183
236 183
237 183
238 183
245 183
246 183
247 183
254 183
255 183
256 183
263 183
264 183
265 183
272 183
273 183
274 183
281 183
282 183
283 183
290 183
291 183
292 183
299 183
300 183
301 183
308 183
309 183
310 183
317 183
318 183
319 183
326 183
327 183
328 183
203 183
206 183
185 184
186 184
187 184
188 184
189 184
190 184
191 184
192 184
193 184
200 184
201 184
202 184
209 184
210 184
211 184
218 184
219 184
220 184
227 184
228 184
229 184
236 184
237 184
238 184
245 184
246 184
247 184
254 184
255 184
256 184
263 184
264 184
265 184
272 184
273 184
274 184
281 184
282 184
283 184
290 184
291 184
292 184
299 184
300 184
301 184
308 184
309 184
310 184
317 184
318 184
319 184
326 184
327 184
328 184
203 184
206 184
186 185
187 185
188 185
189 185
190 185
194 185
195 185
196 185
203 185
204 185
205 185
212 185
213 185
214 185
221 185
222 185
223 185
230 185
231 185
232 185
239 185
240 185
241 185
248 185
249 185
250 185
257 185
258 185
259 185
266 185
267 185
268 185
275 185
276 185
277 185
284 185
285 185
286 185
293 185
294 185
295 185
302 185
303 185
304 185
311 185
312 185
313 185
320 185
321 185
322 185
329 185
330 185
331 185
201 185
207 185
187 186
188 186
189 186
190 186
194 186
195 186
196 186
203 186
204 186
205 186
212 186
213 186
214 186
221 186
222 186
223 186
230 186
231 186
232 186
239 186
240 186
241 186
248 186
249 186
250 186
257 186
258 186
259 186
266 186
267 186
268 186
275 186
276 186
277 186
284 186
285 186
286 186
293 186
294 186
295 186
302 186
303 186
304 186
311 186
312 186
313 186
320 186
321 186
322 186
329 186
330 186
331 186
201 186
207 186
188 187
189 187
190 187
194 187
195 187
196 187
203 187
204 187
205 187
212 187
213 187
214 187
221 187
222 187
223 187
230 187
231 187
232 187
239 187
240 187
241 187
248 187
249 187
250 187
257 187
258 187
259 187
266 187
267 187
268 187
275 187
276 187
277 187
284 187
285 187
286 187
293 187
294 187
295 187
302 187
303 187
304 187
311 187
312 187
313 187
320 187
321 187
322 187
329 187
330 187
331 187
201 187
207 187
189 188
190 188
197 188
198 188
199 188
206 188
207 188
208 188
215 188
216 188
217 188
224 188
225 188
226 188
233 188
234 188
235 188
242 188
243 188
244 188
251 188
252 188
253 188
260 188
261 188
262 188
269 188
270 188
271 188
278 188
279 188
280 188
287 188
288 188
289 188
296 188
297 188
298 188
305 188
306 188
307 188
314 188
315 188
316 188
323 188
324 188
325 188
332 188
333 188
334 188
202 188
205 188
190 189
197 189
198 189
199 189
206 189
207 189
208 189
215 189
216 189
217 189
224 189
225 189
226 189
233 189
234 189
235 189
242 189
243 189
244 189
251 189
252 189
253 189
260 189
261 189
262 189
269 189
270 189
271 189
278 189
279 189
280 189
287 189
288 189
289 189
296 189
297 189
298 189
305 189
306 189
307 189
314 189
315 189
316 189
323 189
324 189
325 189
332 189
333 189
334 189
202 189
205 189
197 190
198 190
199 190
206 190
207 190
208 190
215 190
216 190
217 190
224 190
225 190
226 190
233 190
234 190
235 190
242 190
243 190
244 190
251 190
252 190
253 190
260 190
261 190
262 190
269 190
270 190
271 190
278 190
279 190
280 190
287 190
288 190
289 190
296 190
297 190
298 190
305 190
306 190
307 190
314 190
315 190
316 190
323 190
324 190
325 190
332 190
333 190
334 190
202 190
205 190
192 191
193 191
194 191
195 191
196 191
197 191
198 191
199 191
200 191
201 191
202 191
209 191
210 191
211 191
218 191
219 191
220 191
227 191
228 191
229 191
236 191
237 191
238 191
245 191
246 191
247 191
254 191
255 191
256 191
263 191
264 191
265 191
272 191
273 191
274 191
281 191
282 191
283 191
290 191
291 191
292 191
299 191
300 191
301 191
308 191
309 191
310 191
317 191
318 191
319 191
326 191
327 191
328 191
212 191
215 191
193 192
194 192
195 192
196 192
197 192
198 192
199 192
200 192
201 192
202 192
209 192
210 192
211 192
218 192
219 192
220 192
227 192
228 192
229 192
236 192
237 192
238 192
245 192
246 192
247 192
254 192
255 192
256 192
263 192
264 192
265 192
272 192
273 192
274 192
281 192
282 192
283 192
290 192
291 192
292 192
299 192
300 192
301 192
308 192
309 192
310 192
317 192
318 192
319 192
326 192
327 192
328 192
212 192
215 192
194 193
195 193
196 193
197 193
198 193
199 193
200 193
201 193
202 193
209 193
210 193
211 193
218 193
219 193
220 193
227 193
228 193
229 193
236 193
237 193
238 193
245 193
246 193
247 193
254 193
255 193
256 193
263 193
264 193
265 193
272 193
273 193
274 193
281 193
282 193
283 193
290 193
291 193
292 193
299 193
300 193
301 193
308 193
309 193
310 193
317 193
318 193
319 193
326 193
327 193
328 193
212 193
215 193
195 194
196 194
197 194
198 194
199 194
203 194
204 194
205 194
212 194
213 194
214 194
221 194
222 194
223 194
230 194
231 194
232 194
239 194
240 194
241 194
248 194
249 194
250 194
257 194
258 194
259 194
266 194
267 194
268 194
275 194
276 194
277 194
284 194
285 194
286 194
293 194
294 194
295 194
302 194
303 194
304 194
311 194
312 194
313 194
320 194
321 194
322 194
329 194
330 194
331 194
210 194
216 194
196 195
197 195
198 195
199 195
203 195
204 195
205 195
212 195
213 195
214 195
221 195
222 195
223 195
230 195
231 195
232 195
239 195
240 195
241 195
248 195
249 195
250 195
257 195
258 195
259 195
266 195
267 195
268 195
275 195
276 195
277 195
284 195
285 195
286 195
293 195
294 195
295 195
302 195
303 195
304 195
311 195
312 195
313 195
320 195
321 195
322 195
329 195
330 195
331 195
210 195
216 195
197 196
198 196
199 196
203 196
204 196
205 196
212 196
213 196
214 196
221 196
222 196
223 196
230 196
231 196
232 196
239 196
240 196
241 196
248 196
249 196
250 196
257 196
258 196
259 196
266 196
267 196
268 196
275 196
276 196
277 196
284 196
285 196
286 196
293 196
294 196
295 196
302 196
303 196
304 196
311 196
312 196
313 196
320 196
321 196
322 196
329 196
330 196
331 196
210 196
216 196
198 197
199 197
206 197
207 197
208 197
215 197
216 197
217 197
224 197
225 197
226 197
233 197
234 197
235 197
242 197
243 197
244 197
251 197
252 197
253 197
260 197
261 197
262 197
269 197
270 197
271 197
278 197
279 197
280 197
287 197
288 197
289 197
296 197
297 197
298 197
305 197
306 197
307 197
314 197
315 197
316 197
323 197
324 197
325 197
332 197
333 197
334 197
211 197
214 197
199 198
206 198
207 198
208 198
215 198
216 198
217 198
224 198
225 198
226 198
233 198
234 198
235 198
242 198
243 198
244 198
251 198
252 198
253 198
260 198
261 198
262 198
269 198
270 198
271 198
278 198
279 198
280 198
287 198
288 198
289 198
296 198
297 198
298 198
305 198
306 198
307 198
314 198
315 198
316 198
323 198
324 198
325 198
332 198
333 198
334 198
211 198
214 198
206 199
207 199
208 199
215 199
216 199
217 199
224 199
225 199
226 199
233 199
234 199
235 199
242 199
243 199
244 199
251 199
252 199
253 199
260 199
261 199
262 199
269 199
270 199
271 199
278 199
279 199
280 199
287 199
288 199
289 199
296 199
297 199
298 199
305 199
306 199
307 199
314 199
315 199
316 199
323 199
324 199
325 199
332 199
333 199
334 199
211 199
214 199
201 200
202 200
203 200
204 200
205 200
206 200
207 200
208 200
209 200
210 200
211 200
218 200
219 200
220 200
227 200
228 200
229 200
236 200
237 200
238 200
245 200
246 200
247 200
254 200
255 200
256 200
263 200
264 200
265 200
272 200
273 200
274 200
281 200
282 200
283 200
290 200
291 200
292 200
299 200
300 200
301 200
308 200
309 200
310 200
317 200
318 200
319 200
326 200
327 200
328 200
221 200
224 200
202 201
203 201
204 201
205 201
206 201
207 201
208 201
209 201
210 201
211 201
218 201
219 201
220 201
227 201
228 201
229 201
236 201
237 201
238 201
245 201
246 201
247 201
254 201
255 201
256 201
263 201
264 201
265 201
272 201
273 201
274 201
281 201
282 201
283 201
290 201
291 201
292 201
299 201
300 201
301 201
308 201
309 201
310 201
317 201
318 201
319 201
326 201
327 201
328 201
221 201
224 201
203 202
204 202
205 202
206 202
207 202
208 202
209 202
210 202
211 202
218 202
219 202
220 202
227 202
228 202
229 202
236 202
237 202
238 202
245 202
246 202
247 202
254 202
255 202
256 202
263 202
264 202
265 202
272 202
273 202
274 202
281 202
282 202
283 202
290 202
291 202
292 202
299 202
300 202
301 202
308 202
309 202
310 202
317 202
318 202
319 202
326 202
327 202
328 202
221 202
224 202
204 203
205 203
206 203
207 203
208 203
212 203
213 203
214 203
221 203
222 203
223 203
230 203
231 203
232 203
239 203
240 203
241 203
248 203
249 203
250 203
257 203
258 203
259 203
266 203
267 203
268 203
275 203
276 203
277 203
284 203
285 203
286 203
293 203
294 203
295 203
302 203
303 203
304 203
311 203
312 203
313 203
320 203
321 203
322 203
329 203
330 203
331 203
219 203
225 203
205 204
206 204
207 204
208 204
212 204
213 204
214 204
221 204
222 204
223 204
230 204
231 204
232 204
239 204
240 204
241 204
248 204
249 204
250 204
257 204
258 204
259 204
266 204
267 204
268 204
275 204
276 204
277 204
284 204
285 204
286 204
293 204
294 204
295 204
302 204
303 204
304 204
311 204
312 204
313 204
320 204
321 204
322 204
329 204
330 204
331 204
219 204
225 204
206 205
207 205
208 205
212 205
213 205
214 205
221 205
222 205
223 205
230 205
231 205
232 205
239 205
240 205
241 205
248 205
249 205
250 205
257 205
258 205
259 205
266 205
267 205
268 205
275 205
276 205
277 205
284 205
285 205
286 205
293 205
294 205
295 205
302 205
303 205
304 205
311 205
312 205
313 205
320 205
321 205
322 205
329 205
330 205
331 205
219 205
225 205
207 206
208 206
215 206
216 206
217 206
224 206
225 206
226 206
233 206
234 206
235 206
242 206
243 206
244 206
251 206
252 206
253 206
260 206
261 206
262 206
269 206
270 206
271 206
278 206
279 206
280 206
287 206
288 206
289 206
296 206
297 206
298 206
305 206
306 206
307 206
314 206
315 206
316 206
323 206
324 206
325 206
332 206
333 206
334 206
220 206
223 206
208 207
215 207
216 207
217 207
224 207
225 207
226 207
233 207
234 207
235 207
242 207
243 207
244 207
251 207
252 207
253 207
260 207
261 207
262 207
269 207
270 207
271 207
278 207
279 207
280 207
287 207
288 207
289 207
296 207
297 207
298 207
305 207
306 207
307 207
314 207
315 207
316 207
323 207
324 207
325 207
332 207
333 207
334 207
220 207
223 207
215 208
216 208
217 208
224 208
225 208
226 208
233 208
234 208
235 208
242 208
243 208
244 208
251 208
252 208
253 208
260 208
261 208
262 208
269 208
270 208
271 208
278 208
279 208
280 208
287 208
288 208
289 208
296 208
297 208
298 208
305 208
306 208
307 208
314 208
315 208
316 208
323 208
324 208
325 208
332 208
333 208
334 208
220 208
223 208
210 209
211 209
212 209
213 209
214 209
215 209
216 209
217 209
218 209
219 209
220 209
227 209
228 209
229 209
236 209
237 209
238 209
245 209
246 209
247 209
254 209
255 209
256 209
263 209
264 209
265 209
272 209
273 209
274 209
281 209
282 209
283 209
290 209
291 209
292 209
299 209
300 209
301 209
308 209
309 209
310 209
317 209
318 209
319 209
326 209
327 209
328 209
230 209
233 209
211 210
212 210
213 210
214 210
215 210
216 210
217 210
218 210
219 210
220 210
227 210
228 210
229 210
236 210
237 210
238 210
245 210
246 210
247 210
254 210
255 210
256 210
263 210
264 210
265 210
272 210
273 210
274 210
281 210
282 210
283 210
290 210
291 210
292 210
299 210
300 210
301 210
308 210
309 210
310 210
317 210
318 210
319 210
326 210
327 210
328 210
230 210
233 210
212 211
213 211
214 211
215 211
216 211
217 211
218 211
219 211
220 211
227 211
228 211
229 211
236 211
237 211
238 211
245 211
246 211
247 211
254 211
255 211
256 211
263 211
264 211
265 211
272 211
273 211
274 211
281 211
282 211
283 211
290 211
291 211
292 211
299 211
300 211
301 211
308 211
309 211
310 211
317 211
318 211
319 211
326 211
327 211
328 211
230 211
233 211
213 212
214 212
215 212
216 212
217 212
221 212
222 212
223 212
230 212
231 212
232 212
239 212
240 212
241 212
248 212
249 212
250 212
257 212
258 212
259 212
266 212
267 212
268 212
275 212
276 212
277 212
284 212
285 212
286 212
293 212
294 212
295 212
302 212
303 212
304 212
311 212
312 212
313 212
320 212
321 212
322 212
329 212
330 212
331 212
228 212
234 212
214 213
215 213
216 213
217 213
221 213
222 213
223 213
230 213
231 213
232 213
239 213
240 213
241 213
248 213
249 213
250 213
257 213
258 213
259 213
266 213
267 213
268 213
275 213
276 213
277 213
284 213
285 213
286 213
293 213
294 213
295 213
302 213
303 213
304 213
311 213
312 213
313 213
320 213
321 213
322 213
329 213
330 213
331 213
228 213
234 213
215 214
216 214
217 214
221 214
222 214
223 214
230 214
231 214
232 214
239 214
240 214
241 214
248 214
249 214
250 214
257 214
258 214
259 214
266 214
267 214
268 214
275 214
276 214
277 214
284 214
285 214
286 214
293 214
294 214
295 214
302 214
303 214
304 214
311 214
312 214
313 214
320 214
321 214
322 214
329 214
330 214
331 214
228 214
234 214
216 215
217 215
224 215
225 215
226 215
233 215
234 215
235 215
242 215
243 215
244 215
251 215
252 215
253 215
260 215
261 215
262 215
269 215
270 215
271 215
278 215
279 215
280 215
287 215
288 215
289 215
296 215
297 215
298 215
305 215
306 215
307 215
314 215
315 215
316 215
323 215
324 215
325 215
332 215
333 215
334 215
229 215
232 215
217 216
224 216
225 216
226 216
233 216
234 216
235 216
242 216
243 216
244 216
251 216
252 216
253 216
260 216
261 216
262 216
269 216
270 216
271 216
278 216
279 216
280 216
287 216
288 216
289 216
296 216
297 216
298 216
305 216
306 216
307 216
314 216
315 216
316 216
323 216
324 216
325 216
332 216
333 216
334 216
229 216
232 216
224 217
225 217
226 217
233 217
234 217
235 217
242 217
243 217
244 217
251 217
252 217
253 217
260 217
261 217
262 217
269 217
270 217
271 217
278 217
279 217
280 217
287 217
288 217
289 217
296 217
297 217
298 217
305 217
306 217
307 217
314 217
315 217
316 217
323 217
324 217
325 217
332 217
333 217
334 217
229 217
232 217
219 218
220 218
221 218
222 218
223 218
224 218
225 218
226 218
227 218
228 218
229 218
236 218
237 218
238 218
245 218
246 218
247 218
254 218
255 218
256 218
263 218
264 218
265 218
272 218
273 218
274 218
281 218
282 218
283 218
290 218
291 218
292 218
299 218
300 218
301 218
308 218
309 218
310 218
317 218
318 218
319 218
326 218
327 218
328 218
239 218
242 218
220 219
221 219
222 219
223 219
224 219
225 219
226 219
227 219
228 219
229 219
236 219
237 219
238 219
245 219
246 219
247 219
254 219
255 219
256 219
263 219
264 219
265 219
272 219
273 219
274 219
281 219
282 219
283 219
290 219
291 219
292 219
299 219
300 219
301 219
308 219
309 219
310 219
317 219
318 219
319 219
326 219
327 219
328 219
239 219
242 219
221 220
222 220
223 220
224 220
225 220
226 220
227 220
228 220
229 220
236 220
237 220
238 220
245 220
246 220
247 220
254 220
255 220
256 220
263 220
264 220
265 220
272 220
273 220
274 220
281 220
282 220
283 220
290 220
291 220
292 220
299 220
300 220
301 220
308 220
309 220
310 220
317 220
318 220
319 220
326 220
327 220
328 220
239 220
242 220
222 221
223 221
224 221
225 221
226 221
230 221
231 221
232 221
239 221
240 221
241 221
248 221
249 221
250 221
257 221
258 221
259 221
266 221
267 221
268 221
275 221
276 221
277 221
284 221
285 221
286 221
293 221
294 221
295 221
302 221
303 221
304 221
311 221
312 221
313 221
320 221
321 221
322 221
329 221
330 221
331 221
237 221
243 221
223 222
224 222
225 222
226 222
230 222
231 222
232 222
239 222
240 222
241 222
248 222
249 222
250 222
257 222
258 222
259 222
266 222
267 222
268 222
275 222
276 222
277 222
284 222
285 222
286 222
293 222
294 222
295 222
302 222
303 222
304 222
311 222
312 222
313 222
320 222
321 222
322 222
329 222
330 222
331 222
237 222
243 222
224 223
225 223
226 223
230 223
231 223
232 223
239 223
240 223
241 223
248 223
249 223
250 223
257 223
258 223
259 223
266 223
267 223
268 223
275 223
276 223
277 223
284 223
285 223
286 223
293 223
294 223
295 223
302 223
303 223
304 223
311 223
312 223
313 223
320 223
321 223
322 223
329 223
330 223
331 223
237 223
243 223
225 224
226 224
233 224
234 224
235 224
242 224
243 224
244 224
251 224
252 224
253 224
260 224
261 224
262 224
269 224
270 224
271 224
278 224
279 224
280 224
287 224
288 224
289 224
296 224
297 224
298 224
305 224
306 224
307 224
314 224
315 224
316 224
323 224
324 224
325 224
332 224
333 224
334 224
238 224
241 224
226 225
233 225
234 225
235 225
242 225
243 225
244 225
251 225
252 225
253 225
260 225
261 225
262 225
269 225
270 225
271 225
278 225
279 225
280 225
287 225
288 225
289 225
296 225
297 225
298 225
305 225
306 225
307 225
314 225
315 225
316 225
323 225
324 225
325 225
332 225
333 225
334 225
238 225
241 225
233 226
234 226
235 226
242 226
243 226
244 226
251 226
252 226
253 226
260 226
261 226
262 226
269 226
270 226
271 226
278 226
279 226
280 226
287 226
288 226
289 226
296 226
297 226
298 226
305 226
306 226
307 226
314 226
315 226
316 226
323 226
324 226
325 226
332 226
333 226
334 226
238 226
241 226
228 227
229 227
230 227
231 227
232 227
233 227
234 227
235 227
236 227
237 227
238 227
245 227
246 227
247 227
254 227
255 227
256 227
263 227
264 227
265 227
272 227
273 227
274 227
281 227
282 227
283 227
290 227
291 227
292 227
299 227
300 227
301 227
308 227
309 227
310 227
317 227
318 227
319 227
326 227
327 227
328 227
248 227
251 227
229 228
230 228
231 228
232 228
233 228
234 228
235 228
236 228
237 228
238 228
245 228
246 228
247 228
254 228
255 228
256 228
263 228
264 228
265 228
272 228
273 228
274 228
281 228
282 228
283 228
290 228
291 228
292 228
299 228
300 228
301 228
308 228
309 228
310 228
317 228
318 228
319 228
326 228
327 228
328 228
248 228
251 228
230 229
231 229
232 229
233 229
234 229
235 229
236 229
237 229
238 229
245 229
246 229
247 229
254 229
255 229
256 229
263 229
264 229
265 229
272 229
273 229
274 229
281 229
282 229
283 229
290 229
291 229
292 229
299 229
300 229
301 229
308 229
309 229
310 229
317 229
318 229
319 229
326 229
327 229
328 229
248 229
251 229
231 230
232 230
233 230
234 230
235 230
239 230
240 230
241 230
248 230
249 230
250 230
257 230
258 230
259 230
266 230
267 230
268 230
275 230
276 230
277 230
284 230
285 230
286 230
293 230
294 230
295 230
302 230
303 230
304 230
311 230
312 230
313 230
320 230
321 230
322 230
329 230
330 230
331 230
246 230
252 230
232 231
233 231
234 231
235 231
239 231
240 231
241 231
248 231
249 231
250 231
257 231
258 231
259 231
266 231
267 231
268 231
275 231
276 231
277 231
284 231
285 231
286 231
293 231
294 231
295 231
302 231
303 231
304 231
311 231
312 231
313 231
320 231
321 231
322 231
329 231
330 231
331 231
246 231
252 231
233 232
234 232
235 232
239 232
240 232
241 232
248 232
249 232
250 232
257 232
258 232
259 232
266 232
267 232
268 232
275 232
276 232
277 232
284 232
285 232
286 232
293 232
294 232
295 232
302 232
303 232
304 232
311 232
312 232
313 232
320 232
321 232
322 232
329 232
330 232
331 232
246 232
252 232
234 233
235 233
242 233
243 233
244 233
251 233
252 233
253 233
260 233
261 233
262 233
269 233
270 233
271 233
278 233
279 233
280 233
287 233
288 233
289 233
296 233
297 233
298 233
305 233
306 233
307 233
314 233
315 233
316 233
323 233
324 233
325 233
332 233
333 233
334 233
247 233
250 233
235 234
242 234
243 234
244 234
251 234
252 234
253 234
260 234
261 234
262 234
269 234
270 234
271 234
278 234
279 234
280 234
287 234
288 234
289 234
296 234
297 234
298 234
305 234
306 234
307 234
314 234
315 234
316 234
323 234
324 234
325 234
332 234
333 234
334 234
247 234
250 234
242 235
243 235
244 235
251 235
252 235
253 235
260 235
261 235
262 235
269 235
270 235
271 235
278 235
279 235
280 235
287 235
288 235
289 235
296 235
297 235
298 235
305 235
306 235
307 235
314 235
315 235
316 235
323 235
324 235
325 235
332 235
333 235
334 235
247 235
250 235
237 236
238 236
239 236
240 236
241 236
242 236
243 236
244 236
245 236
246 236
247 236
254 236
255 236
256 236
263 236
264 236
265 236
272 236
273 236
274 236
281 236
282 236
283 236
290 236
291 236
292 236
299 236
300 236
301 236
308 236
309 236
310 236
317 236
318 236
319 236
326 236
327 236
328 236
257 236
260 236
238 237
239 237
240 237
241 237
242 237
243 237
244 237
245 237
246 237
247 237
254 237
255 237
256 237
263 237
264 237
265 237
272 237
273 237
274 237
281 237
282 237
283 237
290 237
291 237
292 237
299 237
300 237
301 237
308 237
309 237
310 237
317 237
318 237
319 237
326 237
327 237
328 237
257 237
260 237
239 238
240 238
241 238
242 238
243 238
244 238
245 238
246 238
247 238
254 238
255 238
256 238
263 238
264 238
265 238
272 238
273 238
274 238
281 238
282 238
283 238
290 238
291 238
292 238
299 238
300 238
301 238
308 238
309 238
310 238
317 238
318 238
319 238
326 238
327 238
328 238
257 238
260 238
240 239
241 239
242 239
243 239
244 239
248 239
249 239
250 239
257 239
258 239
259 239
266 239
267 239
268 239
275 239
276 239
277 239
284 239
285 239
286 239
293 239
294 239
295 239
302 239
303 239
304 239
311 239
312 239
313 239
320 239
321 239
322 239
329 239
330 239
331 239
255 239
261 239
241 240
242 240
243 240
244 240
248 240
249 240
250 240
257 240
258 240
259 240
266 240
267 240
268 240
275 240
276 240
277 240
284 240
285 240
286 240
293 240
294 240
295 240
302 240
303 240
304 240
311 240
312 240
313 240
320 240
321 240
322 240
329 240
330 240
331 240
255 240
261 240
242 241
243 241
244 241
248 241
249 241
250 241
257 241
258 241
259 241
266 241
267 241
268 241
275 241
276 241
277 241
284 241
285 241
286 241
293 241
294 241
295 241
302 241
303 241
304 241
311 241
312 241
313 241
320 241
321 241
322 241
329 241
330 241
331 241
255 241
261 241
243 242
244 242
251 242
252 242
253 242
260 242
261 242
262 242
269 242
270 242
271 242
278 242
279 242
280 242
287 242
288 242
289 242
296 242
297 242
298 242
305 242
306 242
307 242
314 242
315 242
316 242
323 242
324 242
325 242
332 242
333 242
334 242
256 242
259 242
244 243
251 243
252 243
253 243
260 243
261 243
262 243
269 243
270 243
271 243
278 243
279 243
280 243
287 243
288 243
289 243
296 243
297 243
298 243
305 243
306 243
307 243
314 243
315 243
316 243
323 243
324 243
325 243
332 243
333 243
334 243
256 243
259 243
251 244
252 244
253 244
260 244
261 244
262 244
269 244
270 244
271 244
278 244
279 244
280 244
287 244
288 244
289 244
296 244
297 244
298 244
305 244
306 244
307 244
314 244
315 244
316 244
323 244
324 244
325 244
332 244
333 244
334 244
256 244
259 244
246 245
247 245
248 245
249 245
250 245
251 245
252 245
253 245
254 245
255 245
256 245
263 245
264 245
265 245
272 245
273 245
274 245
281 245
282 245
283 245
290 245
291 245
292 245
299 245
300 245
301 245
308 245
309 245
310 245
317 245
318 245
319 245
326 245
327 245
328 245
266 245
269 245
247 246
248 246
249 246
250 246
251 246
252 246
253 246
254 246
255 246
256 246
263 246
264 246
265 246
272 246
273 246
274 246
281 246
282 246
283 246
290 246
291 246
292 246
299 246
300 246
301 246
308 246
309 246
310 246
317 246
318 246
319 246
326 246
327 246
328 246
266 246
269 246
248 247
249 247
250 247
251 247
252 247
253 247
254 247
255 247
256 247
263 247
264 247
265 247
272 247
273 247
274 247
281 247
282 247
283 247
290 247
291 247
292 247
299 247
300 247
301 247
308 247
309 247
310 247
317 247
318 247
319 247
326 247
327 247
328 247
266 247
269 247
249 248
250 248
251 248
252 248
253 248
257 248
258 248
259 248
266 248
267 248
268 248
275 248
276 248
277 248
284 248
285 248
286 248
293 248
294 248
295 248
302 248
303 248
304 248
311 248
312 248
313 248
320 248
321 248
322 248
329 248
330 248
331 248
264 248
270 248
250 249
251 249
252 249
253 249
257 249
258 249
259 249
266 249
267 249
268 249
275 249
276 249
277 249
284 249
285 249
286 249
293 249
294 249
295 249
302 249
303 249
304 249
311 249
312 249
313 249
320 249
321 249
322 249
329 249
330 249
331 249
264 249
270 249
251 250
252 250
253 250
257 250
258 250
259 250
266 250
267 250
268 250
275 250
276 250
277 250
284 250
285 250
286 250
293 250
294 250
295 250
302 250
303 250
304 250
311 250
312 250
313 250
320 250
321 250
322 250
329 250
330 250
331 250
264 250
270 250
252 251
253 251
260 251
261 251
262 251
269 251
270 251
271 251
278 251
279 251
280 251
287 251
288 251
289 251
296 251
297 251
298 251
305 251
306 251
307 251
314 251
315 251
316 251
323 251
324 251
325 251
332 251
333 251
334 251
265 251
268 251
253 252
260 252
261 252
262 252
269 252
270 252
271 252
278 252
279 252
280 252
287 252
288 252
289 252
296 252
297 252
298 252
305 252
306 252
307 252
314 252
315 252
316 252
323 252
324 252
325 252
332 252
333 252
334 252
265 252
268 252
260 253
261 253
262 253
269 253
270 253
271 253
278 253
279 253
280 253
287 253
288 253
289 253
296 253
297 253
298 253
305 253
306 253
307 253
314 253
315 253
316 253
323 253
324 253
325 253
332 253
333 253
334 253
265 253
268 253
255 254
256 254
257 254
258 254
259 254
260 254
261 254
262 254
263 254
264 254
265 254
272 254
273 254
274 254
281 254
282 254
283 254
290 254
291 254
292 254
299 254
300 254
301 254
308 254
309 254
310 254
317 254
318 254
319 254
326 254
327 254
328 254
275 254
278 254
256 255
257 255
258 255
259 255
260 255
261 255
262 255
263 255
264 255
265 255
272 255
273 255
274 255
281 255
282 255
283 255
290 255
291 255
292 255
299 255
300 255
301 255
308 255
309 255
310 255
317 255
318 255
319 255
326 255
327 255
328 255
275 255
278 255
257 256
258 256
259 256
260 256
261 256
262 256
263 256
264 256
265 256
272 256
273 256
274 256
281 256
282 256
283 256
290 256
291 256
292 256
299 256
300 256
301 256
308 256
309 256
310 256
317 256
318 256
319 256
326 256
327 256
328 256
275 256
278 256
258 257
259 257
260 257
261 257
262 257
266 257
267 257
268 257
275 257
276 257
277 257
284 257
285 257
286 257
293 257
294 257
295 257
302 257
303 257
304 257
311 257
312 257
313 257
320 257
321 257
322 257
329 257
330 257
331 257
273 257
279 257
259 258
260 258
261 258
262 258
266 258
267 258
268 258
275 258
276 258
277 258
284 258
285 258
286 258
293 258
294 258
295 258
302 258
303 258
304 258
311 258
312 258
313 258
320 258
321 258
322 258
329 258
330 258
331 258
273 258
279 258
260 259
261 259
262 259
266 259
267 259
268 259
275 259
276 259
277 259
284 259
285 259
286 259
293 259
294 259
295 259
302 259
303 259
304 259
311 259
312 259
313 259
320 259
321 259
322 259
329 259
330 259
331 259
273 259
279 259
261 260
262 260
269 260
270 260
271 260
278 260
279 260
280 260
287 260
288 260
289 260
296 260
297 260
298 260
305 260
306 260
307 260
314 260
315 260
316 260
323 260
324 260
325 260
332 260
333 260
334 260
274 260
277 260
262 261
269 261
270 261
271 261
278 261
279 261
280 261
287 261
288 261
289 261
296 261
297 261
298 261
305 261
306 261
307 261
314 261
315 261
316 261
323 261
324 261
325 261
332 261
333 261
334 261
274 261
277 261
269 262
270 262
271 262
278 262
279 262
280 262
287 262
288 262
289 262
296 262
297 262
298 262
305 262
306 262
307 262
314 262
315 262
316 262
323 262
324 262
325 262
332 262
333 262
334 262
274 262
277 262
264 263
265 263
266 263
267 263
268 263
269 263
270 263
271 263
272 263
273 263
274 263
281 263
282 263
283 263
290 263
291 263
292 263
299 263
300 263
301 263
308 263
309 263
310 263
317 263
318 263
319 263
326 263
327 263
328 263
284 263
287 263
265 264
266 264
267 264
268 264
269 264
270 264
271 264
272 264
273 264
274 264
281 264
282 264
283 264
290 264
291 264
292 264
299 264
300 264
301 264
308 264
309 264
310 264
317 264
318 264
319 264
326 264
327 264
328 264
284 264
287 264
266 265
267 265
268 265
269 265
270 265
271 265
272 265
273 265
274 265
281 265
282 265
283 265
290 265
291 265
292 265
299 265
300 265
301 265
308 265
309 265
310 265
317 265
318 265
319 265
326 265
327 265
328 265
284 265
287 265
267 266
268 266
269 266
270 266
271 266
275 266
276 266
277 266
284 266
285 266
286 266
293 266
294 266
295 266
302 266
303 266
304 266
311 266
312 266
313 266
320 266
321 266
322 266
329 266
330 266
331 266
282 266
288 266
268 267
269 267
270 267
271 267
275 267
276 267
277 267
284 267
285 267
286 267
293 267
294 267
295 267
302 267
303 267
304 267
311 267
312 267
313 267
320 267
321 267
322 267
329 267
330 267
331 267
282 267
288 267
269 268
270 268
271 268
275 268
276 268
277 268
284 268
285 268
286 268
293 268
294 268
295 268
302 268
303 268
304 268
311 268
312 268
313 268
320 268
321 268
322 268
329 268
330 268
331 268
282 268
288 268
270 269
271 269
278 269
279 269
280 269
287 269
288 269
289 269
296 269
297 269
298 269
305 269
306 269
307 269
314 269
315 269
316 269
323 269
324 269
325 269
332 269
333 269
334 269
283 269
286 269
271 270
278 270
279 270
280 270
287 270
288 270
289 270
296 270
297 270
298 270
305 270
306 270
307 270
314 270
315 270
316 270
323 270
324 270
325 270
332 270
333 270
334 270
283 270
286 270
278 271
279 271
280 271
287 271
288 271
289 271
296 271
297 271
298 271
305 271
306 271
307 271
314 271
315 271
316 271
323 271
324 271
325 271
332 271
333 271
334 271
283 271
286 271
273 272
274 272
275 272
276 272
277 272
278 272
279 272
280 272
281 272
282 272
283 272
290 272
291 272
292 272
299 272
300 272
301 272
308 272
309 272
310 272
317 272
318 272
319 272
326 272
327 272
328 272
293 272
296 272
274 273
275 273
276 273
277 273
278 273
279 273
280 273
281 273
282 273
283 273
290 273
291 273
292 273
299 273
300 273
301 273
308 273
309 273
310 273
317 273
318 273
319 273
326 273
327 273
328 273
293 273
296 273
275 274
276 274
277 274
278 274
279 274
280 274
281 274
282 274
283 274
290 274
291 274
292 274
299 274
300 274
301 274
308 274
309 274
310 274
317 274
318 274
319 274
326 274
327 274
328 274
293 274
296 274
276 275
277 275
278 275
279 275
280 275
284 275
285 275
286 275
293 275
294 275
295 275
302 275
303 275
304 275
311 275
312 275
313 275
320 275
321 275
322 275
329 275
330 275
331 275
291 275
297 275
277 276
278 276
279 276
280 276
284 276
285 276
286 276
293 276
294 276
295 276
302 276
303 276
304 276
311 276
312 276
313 276
320 276
321 276
322 276
329 276
330 276
331 276
291 276
297 276
278 277
279 277
280 277
284 277
285 277
286 277
293 277
294 277
295 277
302 277
303 277
304 277
311 277
312 277
313 277
320 277
321 277
322 277
329 277
330 277
331 277
291 277
297 277
279 278
280 278
287 278
288 278
289 278
296 278
297 278
298 278
305 278
306 278
307 278
314 278
315 278
316 278
323 278
324 278
325 278
332 278
333 278
334 278
292 278
295 278
280 279
287 279
288 279
289 279
296 279
297 279
298 279
305 279
306 279
307 279
314 279
315 279
316 279
323 279
324 279
325 279
332 279
333 279
334 279
292 279
295 279
287 280
288 280
289 280
296 280
297 280
298 280
305 280
306 280
307 280
314 280
315 280
316 280
323 280
324 280
325 280
332 280
333 280
334 280
292 280
295 280
282 281
283 281
284 281
285 281
286 281
287 281
288 281
289 281
290 281
291 281
292 281
299 281
300 281
301 281
308 281
309 281
310 281
317 281
318 281
319 281
326 281
327 281
328 281
302 281
305 281
283 282
284 282
285 282
286 282
287 282
288 282
289 282
290 282
291 282
292 282
299 282
300 282
301 282
308 282
309 282
310 282
317 282
318 282
319 282
326 282
327 282
328 282
302 282
305 282
284 283
285 283
286 283
287 283
288 283
289 283
290 283
291 283
292 283
299 283
300 283
301 283
308 283
309 283
310 283
317 283
318 283
319 283
326 283
327 283
328 283
302 283
305 283
285 284
286 284
287 284
288 284
289 284
293 284
294 284
295 284
302 284
303 284
304 284
311 284
312 284
313 284
320 284
321 284
322 284
329 284
330 284
331 284
300 284
306 284
286 285
287 285
288 285
289 285
293 285
294 285
295 285
302 285
303 285
304 285
311 285
312 285
313 285
320 285
321 285
322 285
329 285
330 285
331 285
300 285
306 285
287 286
288 286
289 286
293 286
294 286
295 286
302 286
303 286
304 286
311 286
312 286
313 286
320 286
321 286
322 286
329 286
330 286
331 286
300 286
306 286
288 287
289 287
296 287
297 287
298 287
305 287
306 287
307 287
314 287
315 287
316 287
323 287
324 287
325 287
332 287
333 287
334 287
301 287
304 287
289 288
296 288
297 288
298 288
305 288
306 288
307 288
314 288
315 288
316 288
323 288
324 288
325 288
332 288
333 288
334 288
301 288
304 288
296 289
297 289
298 289
305 289
306 289
307 289
314 289
315 289
316 289
323 289
324 289
325 289
332 289
333 289
334 289
301 289
304 289
291 290
292 290
293 290
294 290
295 290
296 290
297 290
298 290
299 290
300 290
301 290
308 290
309 290
310 290
317 290
318 290
319 290
326 290
327 290
328 290
311 290
314 290
292 291
293 291
294 291
295 291
296 291
297 291
298 291
299 291
300 291
301 291
308 291
309 291
310 291
317 291
318 291
319 291
326 291
327 291
328 291
311 291
314 291
293 292
294 292
295 292
296 292
297 292
298 292
299 292
300 292
301 292
308 292
309 292
310 292
317 292
318 292
319 292
326 292
327 292
328 292
311 292
314 292
294 293
295 293
296 293
297 293
298 293
302 293
303 293
304 293
311 293
312 293
313 293
320 293
321 293
322 293
329 293
330 293
331 293
309 293
315 293
295 294
296 294
297 294
298 294
302 294
303 294
304 294
311 294
312 294
313 294
320 294
321 294
322 294
329 294
330 294
331 294
309 294
315 294
296 295
297 295
298 295
302 295
303 295
304 295
311 295
312 295
313 295
320 295
321 295
322 295
329 295
330 295
331 295
309 295
315 295
297 296
298 296
305 296
306 296
307 296
314 296
315 296
316 296
323 296
324 296
325 296
332 296
333 296
334 296
310 296
313 296
298 297
305 297
306 297
307 297
314 297
315 297
316 297
323 297
324 297
325 297
332 297
333 297
334 297
310 297
313 297
305 298
306 298
307 298
314 298
315 298
316 298
323 298
324 298
325 298
332 298
333 298
334 298
310 298
313 298
300 299
301 299
302 299
303 299
304 299
305 299
306 299
307 299
308 299
309 299
310 299
317 299
318 299
319 299
326 299
327 299
328 299
320 299
323 299
301 300
302 300
303 300
304 300
305 300
306 300
307 300
308 300
309 300
310 300
317 300
318 300
319 300
326 300
327 300
328 300
320 300
323 300
302 301
303 301
304 301
305 301
306 301
307 301
308 301
309 301
310 301
317 301
318 301
319 301
326 301
327 301
328 301
320 301
323 301
303 302
304 302
305 302
306 302
307 302
311 302
312 302
313 302
320 302
321 302
322 302
329 302
330 302
331 302
318 302
324 302
304 303
305 303
306 303
307 303
311 303
312 303
313 303
320 303
321 303
322 303
329 303
330 303
331 303
318 303
324 303
305 304
306 304
307 304
311 304
312 304
313 304
320 304
321 304
322 304
329 304
330 304
331 304
318 304
324 304
306 305
307 305
314 305
315 305
316 305
323 305
324 305
325 305
332 305
333 305
334 305
319 305
322 305
307 306
314 306
315 306
316 306
323 306
324 306
325 306
332 306
333 306
334 306
319 306
322 306
314 307
315 307
316 307
323 307
324 307
325 307
332 307
333 307
334 307
319 307
322 307
309 308
310 308
311 308
312 308
313 308
314 308
315 308
316 308
317 308
318 308
319 308
326 308
327 308
328 308
329 308
332 308
310 309
311 309
312 309
313 309
314 309
315 309
316 309
317 309
318 309
319 309
326 309
327 309
328 309
329 309
332 309
311 310
312 310
313 310
314 310
315 310
316 310
317 310
318 310
319 310
326 310
327 310
328 310
329 310
332 310
312 311
313 311
314 311
315 311
316 311
320 311
321 311
322 311
329 311
330 311
331 311
327 311
333 311
313 312
314 312
315 312
316 312
320 312
321 312
322 312
329 312
330 312
331 312
327 312
333 312
314 313
315 313
316 313
320 313
321 313
322 313
329 313
330 313
331 313
327 313
333 313
315 314
316 314
323 314
324 314
325 314
332 314
333 314
334 314
328 314
331 314
316 315
323 315
324 315
325 315
332 315
333 315
334 315
328 315
331 315
323 316
324 316
325 316
332 316
333 316
334 316
328 316
331 316
318 317
319 317
320 317
321 317
322 317
323 317
324 317
325 317
326 317
327 317
328 317
319 318
320 318
321 318
322 318
323 318
324 318
325 318
326 318
327 318
328 318
320 319
321 319
322 319
323 319
324 319
325 319
326 319
327 319
328 319
321 320
322 320
323 320
324 320
325 320
329 320
330 320
331 320
322 321
323 321
324 321
325 321
329 321
330 321
331 321
323 322
324 322
325 322
329 322
330 322
331 322
324 323
325 323
332 323
333 323
334 323
325 324
332 324
333 324
334 324
332 325
333 325
334 325
327 326
328 326
329 326
330 326
331 326
332 326
333 326
334 326
328 327
329 327
330 327
331 327
332 327
333 327
334 327
329 328
330 328
331 328
332 328
333 328
334 328
330 329
331 329
332 329
333 329
334 329
331 330
332 330
333 330
334 330
332 331
333 331
334 331
333 332
334 332
334 333
