3047
185 2
230 2
257 2
276 2
300 2
43 2
88 2
204 2
359 2
36 2
113 2
360 2
65 2
71 2
255 2
256 2
98 2
241 2
147 3
173 3
192 3
252 3
310 3
27 3
48 3
101 3
275 3
35 3
59 3
80 3
170 3
305 3
79 3
237 3
84 4
100 4
152 4
167 4
201 4
308 4
343 4
64 4
72 4
123 4
298 4
313 4
200 4
226 4
347 4
222 4
38 4
67 4
307 4
44 4
344 4
87 5
103 5
114 5
165 5
228 5
231 5
243 5
15 5
62 5
115 5
128 5
33 5
50 5
159 5
315 5
26 5
233 5
56 5
268 5
227 5
118 6
179 6
180 6
203 6
224 6
319 6
37 6
145 6
354 6
53 6
259 6
36 6
163 6
42 6
91 6
189 6
35 6
105 6
258 6
116 7
132 7
144 7
168 7
182 7
270 7
322 7
50 7
233 7
294 7
232 7
318 7
28 7
40 7
339 7
348 7
38 7
76 7
269 7
307 7
176 7
58 7
102 8
198 8
205 8
206 8
245 8
44 8
45 8
200 8
214 8
124 8
333 8
344 8
43 8
99 8
107 8
241 8
52 8
104 9
106 9
127 9
177 9
186 9
357 9
197 9
268 9
288 9
24 9
158 9
199 9
291 9
27 9
275 9
39 9
89 9
292 9
352 9
94 9
98 10
131 10
155 10
161 10
242 10
326 10
332 10
71 10
241 10
276 10
300 10
266 10
331 10
52 10
99 10
274 10
41 10
110 10
69 10
285 10
146 11
153 11
237 11
293 11
312 11
329 11
54 11
59 11
249 11
272 11
32 11
61 11
112 11
280 11
79 11
252 11
119 11
311 11
262 11
133 12
171 12
191 12
213 12
251 12
255 12
283 12
31 12
71 12
284 12
331 12
47 12
66 12
162 12
109 12
49 12
150 12
65 12
257 12
172 13
211 13
289 13
324 13
345 13
41 13
52 13
274 13
323 13
57 13
123 13
299 13
124 13
333 13
73 13
72 13
344 13
85 14
166 14
208 14
212 14
298 14
313 14
169 14
290 14
29 14
64 14
142 14
346 14
86 14
57 14
123 14
84 14
87 15
115 15
128 15
175 15
281 15
327 15
62 15
114 15
243 15
26 15
184 15
30 15
164 15
267 15
34 15
83 15
304 15
82 15
361 15
220 15
145 16
150 16
181 16
221 16
256 16
296 16
37 16
118 16
320 16
354 16
49 16
65 16
213 16
251 16
36 16
113 16
129 16
257 16
78 16
156 17
222 17
225 17
309 17
340 17
64 17
96 17
346 17
365 17
67 17
152 17
308 17
90 17
174 17
125 17
349 17
321 17
137 18
196 18
227 18
254 18
317 18
358 18
62 18
70 18
267 18
301 18
77 18
151 18
303 18
56 18
228 18
89 18
292 18
197 18
159 19
232 19
247 19
248 19
315 19
318 19
353 19
33 19
63 19
103 19
158 19
50 19
132 19
68 19
149 19
58 19
136 19
270 19
136 20
200 20
214 20
226 20
297 20
58 20
68 20
248 20
269 20
44 20
100 20
102 20
201 20
45 20
117 20
38 20
347 20
139 21
188 21
204 21
236 21
306 21
359 21
45 21
60 21
219 21
278 21
42 21
88 21
163 21
43 21
107 21
185 21
277 21
141 22
234 22
253 22
311 22
314 22
351 22
27 22
46 22
101 22
218 22
111 22
265 22
32 22
75 22
112 22
356 22
79 22
312 22
189 23
190 23
223 23
338 23
363 23
42 23
91 23
203 23
277 23
35 23
80 23
60 23
81 23
337 23
97 23
271 23
305 23
97 24
106 24
158 24
199 24
271 24
295 24
305 24
338 24
363 24
104 24
127 24
288 24
291 24
33 24
63 24
159 24
48 24
81 24
148 24
93 25
170 25
249 25
258 25
272 25
154 25
273 25
287 25
35 25
59 25
105 25
173 25
54 25
146 25
53 25
319 25
114 26
115 26
176 26
184 26
233 26
294 26
87 26
231 26
281 26
40 26
55 26
138 26
182 26
361 26
50 26
116 26
94 27
101 27
127 27
141 27
147 27
186 27
218 27
275 27
46 27
108 27
352 27
79 27
310 27
311 27
351 27
106 27
291 27
234 27
48 27
192 27
177 27
120 28
143 28
144 28
321 28
339 28
348 28
40 28
261 28
334 28
90 28
260 28
182 28
322 28
125 28
340 28
76 28
349 28
130 29
142 29
166 29
244 29
346 29
365 29
210 29
238 29
51 29
86 29
208 29
209 29
64 29
298 29
156 29
96 29
128 30
164 30
267 30
301 30
330 30
62 30
87 30
175 30
34 30
92 30
137 30
70 30
122 30
302 30
126 31
133 31
266 31
284 31
331 31
69 31
183 31
286 31
71 31
255 31
283 31
131 31
332 31
66 31
112 32
140 32
153 32
253 32
280 32
350 32
356 32
311 32
312 32
75 32
217 32
316 32
61 32
329 32
314 32
74 32
279 32
103 33
158 33
159 33
165 33
268 33
288 33
50 33
231 33
315 33
63 33
106 33
295 33
353 33
56 33
228 33
104 33
197 33
92 34
121 34
135 34
164 34
175 34
304 34
122 34
330 34
216 34
187 34
128 34
83 34
327 34
80 35
91 35
105 35
170 35
173 35
190 35
224 35
192 35
305 35
363 35
189 35
203 35
258 35
319 35
59 35
272 35
252 35
113 36
163 36
180 36
181 36
230 36
354 36
360 36
256 36
257 36
42 36
88 36
188 36
203 36
118 36
145 36
185 36
118 37
134 37
145 37
179 37
259 37
320 37
342 37
180 37
354 37
78 37
335 37
362 37
181 37
296 37
53 37
319 37
95 37
287 37
167 38
168 38
226 38
269 38
307 38
347 38
67 38
100 38
308 38
76 38
270 38
322 38
136 38
200 38
58 38
349 38
108 39
177 39
178 39
207 39
292 39
352 39
46 39
94 39
202 39
89 39
186 39
357 39
77 39
355 39
254 39
120 40
138 40
144 40
176 40
182 40
261 40
339 40
143 40
334 40
55 40
263 40
322 40
348 40
184 40
294 40
116 40
110 41
160 41
161 41
172 41
274 41
323 41
242 41
285 41
341 41
229 41
155 41
52 41
289 41
324 41
73 41
163 42
188 42
189 42
203 42
236 42
277 42
88 42
180 42
360 42
359 42
91 42
190 42
223 42
224 42
60 42
139 42
107 43
185 43
204 43
205 43
241 43
276 43
45 43
206 43
306 43
88 43
230 43
359 43
99 43
245 43
98 43
326 43
300 43
102 44
198 44
200 44
201 44
344 44
45 44
206 44
214 44
124 44
245 44
333 44
100 44
226 44
343 44
72 44
345 44
102 45
107 45
117 45
139 45
206 45
214 45
219 45
306 45
198 45
200 45
204 45
205 45
1 45
68 45
149 45
297 45
60 45
236 45
278 45
94 46
108 46
141 46
202 46
218 46
234 46
265 46
186 46
352 46
178 46
101 46
351 46
111 46
314 46
109 47
162 47
171 47
191 47
193 47
195 47
215 47
49 47
194 47
213 47
66 47
282 47
283 47
147 48
192 48
199 48
275 48
291 48
305 48
101 48
310 48
80 48
173 48
97 48
106 48
127 48
363 48
109 49
129 49
150 49
194 49
213 49
221 49
328 49
191 49
193 49
78 49
296 49
336 49
65 49
251 49
256 49
103 50
116 50
132 50
231 50
232 50
233 50
315 50
159 50
165 50
182 50
294 50
270 50
318 50
114 50
142 51
209 51
210 51
240 51
244 51
86 51
166 51
208 51
364 51
130 51
99 52
155 52
172 52
245 52
274 52
289 52
333 52
205 52
241 52
326 52
161 52
323 52
324 52
198 52
124 52
345 52
179 53
258 53
259 53
287 53
319 53
118 53
93 53
105 53
170 53
95 53
342 53
273 53
224 53
119 54
146 54
154 54
239 54
249 54
264 54
293 54
262 54
329 54
59 54
237 54
272 54
93 54
138 55
176 55
184 55
235 55
263 55
361 55
261 55
182 55
294 55
115 55
281 55
82 55
367 55
165 56
197 56
227 56
228 56
268 56
317 56
103 56
89 56
104 56
357 56
62 56
137 56
243 56
288 56
254 56
123 57
157 57
169 57
211 57
212 57
299 57
72 57
84 57
313 57
345 57
73 57
325 57
85 57
324 57
136 58
248 58
269 58
270 58
318 58
68 58
226 58
297 58
247 58
168 58
132 58
232 58
146 59
170 59
173 59
237 59
252 59
272 59
249 59
293 59
105 59
258 59
80 59
192 59
79 59
312 59
310 59
139 60
223 60
236 60
277 60
278 60
337 60
219 60
306 60
81 60
189 60
338 60
188 60
1 60
148 60
153 61
262 61
279 61
280 61
329 61
112 61
312 61
119 61
264 61
74 61
250 61
350 61
293 61
87 62
128 62
137 62
227 62
228 62
243 62
267 62
114 62
115 62
164 62
175 62
70 62
301 62
358 62
317 62
165 62
148 63
149 63
158 63
159 63
295 63
353 63
1 63
81 63
271 63
337 63
68 63
117 63
247 63
106 63
288 63
103 63
315 63
84 64
152 64
156 64
166 64
222 64
298 64
346 64
72 64
123 64
313 64
343 64
308 64
96 64
225 64
365 64
142 64
208 64
67 64
309 64
150 65
251 65
255 65
256 65
257 65
213 65
221 65
71 65
133 65
113 65
181 65
230 65
300 65
162 66
171 66
183 66
282 66
283 66
284 66
195 66
191 66
126 66
133 66
167 67
222 67
307 67
308 67
309 67
349 67
100 67
347 67
152 67
156 67
76 67
168 67
125 67
340 67
348 67
117 68
136 68
149 68
247 68
248 68
297 68
1 68
214 68
219 68
226 68
269 68
148 68
353 68
318 68
126 69
242 69
266 69
285 69
286 69
332 69
183 69
284 69
110 69
161 69
131 69
331 69
341 69
137 70
196 70
301 70
302 70
303 70
358 70
227 70
267 70
77 70
151 70
254 70
122 70
330 70
98 71
131 71
133 71
255 71
257 71
300 71
331 71
241 71
276 71
326 71
266 71
332 71
283 71
284 71
251 71
113 71
230 71
256 71
84 72
123 72
343 72
344 72
345 72
152 72
298 72
313 72
211 72
212 72
201 72
124 72
198 72
289 72
157 73
229 73
299 73
323 73
324 73
325 73
169 73
160 73
211 73
172 73
217 74
246 74
250 74
279 74
280 74
350 74
140 74
262 74
153 74
111 75
140 75
253 75
314 75
316 75
356 75
234 75
265 75
217 75
350 75
112 75
311 75
168 76
307 76
322 76
348 76
349 76
269 76
270 76
167 76
144 76
125 76
321 76
309 76
151 77
196 77
207 77
254 77
292 77
355 77
303 77
358 77
178 77
89 77
317 77
177 77
129 78
134 78
296 78
320 78
335 78
336 78
221 78
328 78
342 78
362 78
145 78
101 79
237 79
252 79
310 79
311 79
312 79
141 79
147 79
351 79
146 79
173 79
112 79
253 79
153 79
91 80
105 80
170 80
173 80
190 80
224 80
192 80
305 80
363 80
252 80
189 80
147 80
97 80
199 80
338 80
148 81
223 81
271 81
337 81
338 81
1 81
149 81
295 81
189 81
277 81
97 81
278 81
363 81
220 82
235 82
281 82
327 82
361 82
367 82
83 82
263 82
115 82
184 82
175 82
175 83
187 83
220 83
304 83
327 83
128 83
164 83
135 83
367 83
281 83
100 84
152 84
167 84
201 84
308 84
343 84
156 84
166 84
222 84
298 84
346 84
123 84
344 84
345 84
313 84
211 84
212 84
166 85
208 85
212 85
298 85
313 85
169 85
290 85
157 85
86 85
142 85
123 85
364 85
142 86
208 86
209 86
290 86
364 86
166 86
244 86
240 86
103 87
114 87
165 87
228 87
231 87
243 87
115 87
128 87
175 87
281 87
327 87
137 87
227 87
267 87
233 87
184 87
164 87
163 88
185 88
188 88
230 88
359 88
360 88
180 88
203 88
204 88
276 88
236 88
113 88
257 88
177 89
197 89
254 89
292 89
317 89
357 89
186 89
352 89
104 89
268 89
196 89
207 89
227 89
143 90
174 90
225 90
260 90
321 90
340 90
120 90
96 90
366 90
156 90
125 90
348 90
309 90
105 91
170 91
173 91
190 91
224 91
189 91
203 91
223 91
277 91
363 91
163 91
180 91
319 91
121 92
135 92
164 92
175 92
304 92
122 92
330 92
216 92
301 92
302 92
128 92
170 93
249 93
258 93
272 93
154 93
273 93
287 93
239 93
146 93
105 93
319 93
95 93
259 93
101 94
127 94
141 94
147 94
186 94
218 94
275 94
108 94
202 94
234 94
265 94
352 94
178 94
177 94
259 95
273 95
287 95
342 95
362 95
179 95
258 95
134 95
156 96
174 96
225 96
238 96
365 96
366 96
222 96
346 96
260 96
340 96
130 96
106 97
158 97
199 97
271 97
295 97
305 97
338 97
363 97
291 97
148 97
192 97
223 97
190 97
131 98
155 98
161 98
242 98
326 98
332 98
133 98
255 98
257 98
300 98
331 98
241 98
276 98
266 98
99 98
205 98
185 98
155 99
172 99
245 99
274 99
289 99
333 99
205 99
241 99
326 99
161 99
107 99
206 99
276 99
198 99
152 100
167 100
201 100
308 100
343 100
200 100
226 100
347 100
307 100
102 100
214 100
344 100
136 100
269 100
127 101
141 101
147 101
186 101
218 101
275 101
237 101
252 101
310 101
311 101
312 101
351 101
234 101
192 101
112 101
253 101
198 102
205 102
206 102
245 102
200 102
201 102
344 102
107 102
117 102
139 102
214 102
219 102
306 102
124 102
333 102
226 102
297 102
114 103
165 103
228 103
231 103
243 103
158 103
159 103
268 103
288 103
116 103
132 103
232 103
233 103
315 103
353 103
106 104
127 104
177 104
186 104
357 104
197 104
268 104
288 104
158 104
199 104
291 104
317 104
165 104
170 105
173 105
190 105
224 105
258 105
319 105
272 105
203 105
287 105
179 105
127 106
177 106
186 106
357 106
158 106
199 106
271 106
295 106
197 106
268 106
288 106
291 106
275 106
159 106
305 106
185 107
204 107
205 107
241 107
276 107
117 107
139 107
206 107
214 107
219 107
306 107
359 107
245 107
177 108
178 108
207 108
292 108
352 108
141 108
202 108
218 108
234 108
265 108
186 108
162 109
171 109
191 109
193 109
195 109
215 109
129 109
150 109
194 109
213 109
221 109
328 109
251 109
160 110
161 110
172 110
274 110
323 110
242 110
285 110
341 110
229 110
155 110
332 110
286 110
140 111
253 111
314 111
316 111
356 111
234 111
265 111
141 111
202 111
140 112
153 112
253 112
280 112
350 112
356 112
311 112
312 112
329 112
314 112
351 112
237 112
163 113
180 113
181 113
230 113
354 113
360 113
256 113
257 113
145 113
185 113
150 113
255 113
300 113
165 114
228 114
231 114
243 114
115 114
176 114
184 114
233 114
294 114
128 114
281 114
116 114
128 115
175 115
281 115
327 115
176 115
184 115
233 115
294 115
243 115
231 115
361 115
132 116
144 116
168 116
182 116
270 116
322 116
231 116
232 116
233 116
315 116
294 116
318 116
176 116
1 117
148 117
149 117
219 117
278 117
337 117
139 117
206 117
214 117
306 117
136 117
247 117
248 117
297 117
353 117
200 117
179 118
180 118
203 118
224 118
319 118
134 118
145 118
259 118
320 118
342 118
354 118
181 118
296 118
163 118
146 119
154 119
239 119
249 119
264 119
293 119
262 119
329 119
279 119
153 119
143 120
144 120
321 120
339 120
348 120
138 120
176 120
182 120
261 120
334 120
260 120
135 121
164 121
175 121
304 121
122 121
330 121
216 121
187 121
164 122
330 122
301 122
302 122
137 122
267 122
303 122
157 123
169 123
211 123
212 123
299 123
343 123
344 123
345 123
152 123
298 123
313 123
324 123
124 123
289 123
198 124
289 124
333 124
344 124
345 124
245 124
172 124
201 124
343 124
211 124
309 125
321 125
340 125
348 125
349 125
222 125
143 125
225 125
144 125
322 125
307 125
133 126
266 126
284 126
331 126
242 126
285 126
286 126
332 126
183 126
282 126
131 126
283 126
177 127
186 127
357 127
141 127
147 127
218 127
275 127
158 127
199 127
288 127
291 127
352 127
175 128
281 128
327 128
164 128
267 128
301 128
330 128
137 128
227 128
228 128
243 128
304 128
150 129
194 129
213 129
221 129
328 129
134 129
296 129
320 129
335 129
336 129
145 129
142 130
166 130
244 130
346 130
365 130
210 130
238 130
240 130
366 130
156 130
155 131
161 131
242 131
326 131
332 131
133 131
255 131
257 131
300 131
331 131
241 131
276 131
266 131
144 132
168 132
182 132
270 132
322 132
231 132
232 132
233 132
315 132
294 132
318 132
269 132
248 132
171 133
191 133
213 133
251 133
255 133
283 133
266 133
284 133
331 133
257 133
300 133
183 133
145 134
179 134
259 134
320 134
342 134
296 134
335 134
336 134
362 134
164 135
175 135
304 135
216 135
187 135
200 136
214 136
226 136
297 136
248 136
269 136
270 136
318 136
149 136
247 136
347 136
168 136
196 137
227 137
254 137
317 137
358 137
228 137
243 137
267 137
301 137
302 137
303 137
330 137
144 138
176 138
182 138
261 138
339 138
184 138
235 138
263 138
361 138
294 138
334 138
188 139
204 139
236 139
306 139
359 139
206 139
214 139
219 139
223 139
277 139
278 139
337 139
1 139
153 140
253 140
280 140
350 140
356 140
314 140
316 140
217 140
246 140
234 141
253 141
311 141
314 141
351 141
147 141
186 141
218 141
275 141
202 141
265 141
310 141
166 142
244 142
346 142
365 142
209 142
210 142
240 142
208 142
290 142
364 142
298 142
144 143
321 143
339 143
348 143
174 143
225 143
260 143
340 143
261 143
334 143
168 144
182 144
270 144
322 144
321 144
339 144
348 144
176 144
261 144
294 144
349 144
150 145
181 145
221 145
256 145
296 145
179 145
259 145
320 145
342 145
180 145
354 145
153 146
237 146
293 146
312 146
329 146
154 146
239 146
249 146
264 146
170 146
173 146
252 146
272 146
173 147
192 147
252 147
310 147
186 147
218 147
275 147
199 147
291 147
305 147
311 147
351 147
1 148
149 148
219 148
278 148
337 148
158 148
159 148
295 148
353 148
223 148
271 148
338 148
247 148
1 149
219 149
278 149
337 149
158 149
159 149
295 149
353 149
247 149
248 149
297 149
214 149
271 149
181 150
221 150
256 150
296 150
194 150
213 150
328 150
251 150
255 150
257 150
191 150
196 151
207 151
254 151
292 151
355 151
303 151
358 151
302 151
167 152
201 152
308 152
343 152
156 152
166 152
222 152
298 152
346 152
313 152
309 152
237 153
293 153
312 153
329 153
253 153
280 153
350 153
356 153
262 153
279 153
311 153
239 154
249 154
264 154
293 154
258 154
273 154
287 154
272 154
161 155
242 155
326 155
332 155
172 155
245 155
274 155
289 155
333 155
205 155
241 155
222 156
225 156
309 156
340 156
166 156
298 156
346 156
174 156
238 156
365 156
366 156
308 156
169 157
211 157
212 157
299 157
229 157
323 157
324 157
325 157
199 158
271 158
295 158
159 158
165 158
268 158
288 158
353 158
291 158
315 158
232 159
247 159
248 159
315 159
318 159
353 159
165 159
268 159
288 159
295 159
231 159
161 160
172 160
274 160
323 160
242 160
285 160
341 160
229 160
325 160
324 160
242 161
326 161
332 161
172 161
274 161
323 161
285 161
341 161
171 162
191 162
193 162
195 162
215 162
183 162
282 162
283 162
284 162
180 163
181 163
230 163
354 163
360 163
188 163
189 163
203 163
236 163
277 163
185 163
359 163
224 163
267 164
301 164
330 164
175 164
304 164
327 164
228 165
231 165
243 165
268 165
288 165
197 165
227 165
317 165
315 165
208 166
212 166
298 166
313 166
244 166
346 166
365 166
222 166
209 166
290 166
201 167
308 167
343 167
168 167
226 167
269 167
307 167
347 167
222 167
309 167
349 167
200 167
182 168
270 168
322 168
226 168
269 168
307 168
347 168
348 168
349 168
318 168
211 169
212 169
299 169
208 169
290 169
325 169
313 169
249 170
258 170
272 170
173 170
190 170
224 170
237 170
252 170
319 170
192 170
287 170
191 171
213 171
251 171
255 171
283 171
193 171
195 171
215 171
183 171
282 171
284 171
211 172
289 172
324 172
345 172
274 172
323 172
245 172
333 172
229 172
299 172
192 173
252 173
310 173
190 173
224 173
237 173
272 173
305 173
363 173
258 173
225 174
260 174
321 174
340 174
238 174
365 174
366 174
281 175
327 175
304 175
187 175
220 175
267 175
330 175
184 176
233 176
294 176
182 176
261 176
339 176
235 176
263 176
361 176
281 176
186 177
357 177
178 177
207 177
292 177
352 177
197 177
254 177
317 177
207 178
292 178
352 178
202 178
355 178
180 179
203 179
224 179
319 179
259 179
320 179
342 179
258 179
287 179
354 179
203 180
224 180
319 180
181 180
230 180
354 180
360 180
188 180
189 180
221 181
256 181
296 181
230 181
354 181
360 181
257 181
320 181
270 182
322 182
261 182
339 182
233 182
294 182
348 182
184 182
282 183
283 183
284 183
266 183
286 183
233 184
294 184
235 184
263 184
361 184
281 184
327 184
230 185
257 185
276 185
300 185
204 185
205 185
241 185
188 185
359 185
360 185
306 185
357 186
218 186
275 186
352 186
291 186
292 186
220 187
304 187
327 187
216 187
204 188
236 188
306 188
359 188
189 188
203 188
277 188
230 188
360 188
190 189
223 189
338 189
363 189
203 189
236 189
277 189
224 189
337 189
223 190
338 190
363 190
224 190
192 190
305 190
203 190
277 190
213 191
251 191
255 191
283 191
193 191
195 191
215 191
194 191
252 192
310 192
199 192
275 192
291 192
305 192
363 192
195 193
215 193
194 193
213 193
213 194
221 194
328 194
215 195
282 195
227 196
254 196
317 196
358 196
301 196
302 196
303 196
207 196
292 196
355 196
227 197
228 197
268 197
317 197
254 197
292 197
357 197
288 197
205 198
206 198
245 198
200 198
201 198
344 198
214 198
289 198
333 198
345 198
343 198
271 199
295 199
275 199
291 199
305 199
338 199
363 199
288 199
214 200
226 200
297 200
201 200
344 200
347 200
206 200
343 200
269 200
308 201
343 201
344 201
226 201
347 201
214 201
345 201
218 202
234 202
265 202
352 202
224 203
319 203
236 203
277 203
360 203
354 203
223 203
236 204
306 204
359 204
205 204
241 204
276 204
206 204
230 204
206 205
245 205
241 205
276 205
326 205
306 205
333 205
245 206
214 206
219 206
306 206
241 206
292 207
352 207
254 207
355 207
212 208
298 208
313 208
290 208
209 208
364 208
244 208
346 208
210 209
240 209
244 209
290 209
364 209
240 210
244 210
238 210
365 210
289 211
324 211
345 211
212 211
299 211
313 211
323 211
344 211
298 212
313 212
299 212
290 212
345 212
251 213
255 213
283 213
221 213
328 213
256 213
226 214
297 214
219 214
306 214
1 214
304 216
246 217
250 217
279 217
280 217
350 217
316 217
356 217
275 218
234 218
265 218
352 218
351 218
1 219
278 219
337 219
306 219
297 219
236 219
235 220
281 220
327 220
361 220
367 220
304 220
256 221
296 221
328 221
336 221
251 221
320 221
225 222
309 222
340 222
298 222
346 222
307 222
308 222
349 222
365 222
338 223
363 223
236 223
277 223
278 223
337 223
271 223
1 223
319 224
258 224
309 225
340 225
260 225
321 225
238 225
365 225
366 225
346 225
297 226
269 226
307 226
347 226
248 226
270 226
254 227
317 227
358 227
228 227
268 227
243 227
267 227
301 227
231 228
243 228
268 228
317 228
267 228
299 229
323 229
324 229
325 229
341 229
257 230
276 230
300 230
354 230
360 230
359 230
256 230
255 230
243 231
232 231
233 231
315 231
294 231
247 232
248 232
315 232
318 232
353 232
233 232
270 232
294 233
315 233
253 234
311 234
314 234
351 234
265 234
316 234
263 235
361 235
281 235
327 235
367 235
306 236
359 236
277 236
278 236
337 236
293 237
312 237
329 237
252 237
272 237
310 237
311 237
249 237
365 238
366 238
244 238
346 238
249 239
264 239
293 239
262 239
244 240
364 240
276 241
300 241
326 241
245 241
326 242
332 242
266 242
285 242
286 242
341 242
274 242
267 243
346 244
365 244
274 245
289 245
333 245
326 245
344 245
250 246
279 246
280 246
350 246
248 247
315 247
318 247
353 247
297 247
1 247
315 248
318 248
353 248
269 248
270 248
297 248
258 249
272 249
264 249
293 249
273 249
287 249
279 250
280 250
350 250
262 250
255 251
283 251
256 251
257 251
310 252
272 252
311 252
312 252
311 253
314 253
351 253
280 253
350 253
356 253
316 253
312 253
317 254
358 254
292 254
355 254
357 254
303 254
283 255
256 255
257 255
300 255
331 255
284 255
296 256
257 256
354 256
300 256
276 257
300 257
331 257
360 257
272 258
259 258
287 258
319 258
273 258
320 259
342 259
287 259
319 259
273 259
362 259
321 260
340 260
366 260
339 261
334 261
263 261
279 262
280 262
329 262
264 262
293 262
361 263
367 263
293 264
329 264
279 264
314 265
316 265
284 266
331 266
285 266
286 266
332 266
301 267
330 267
358 267
302 267
288 268
317 268
357 268
307 269
347 269
270 269
318 269
297 269
322 269
322 270
318 270
307 270
295 271
337 271
338 271
305 271
363 271
1 271
293 272
287 273
342 273
362 273
323 274
289 274
333 274
326 274
324 274
291 275
305 275
310 275
300 276
326 276
359 276
278 277
337 277
338 277
1 278
337 278
306 278
280 279
329 279
350 279
350 280
356 280
329 280
312 280
327 281
361 281
367 281
283 282
284 282
284 283
331 283
331 284
286 284
286 285
332 285
341 285
332 286
341 286
319 287
342 287
362 287
357 288
291 288
295 288
324 289
345 289
333 289
344 289
323 289
364 290
305 291
352 292
355 292
317 292
357 292
312 293
329 293
353 295
1 295
337 295
338 295
320 296
335 296
336 296
328 296
354 296
1 297
313 298
346 298
343 298
323 299
324 299
325 299
345 299
331 300
326 300
330 301
302 301
303 301
358 301
303 302
358 302
330 302
358 303
355 303
327 304
363 305
338 305
359 306
347 307
308 307
309 307
349 307
322 307
348 307
343 308
309 308
349 308
347 308
340 309
349 309
321 309
348 309
311 310
312 310
351 310
314 311
351 311
312 311
356 311
329 312
351 312
343 313
345 313
351 314
316 314
356 314
318 315
353 315
356 316
350 316
358 317
357 317
353 318
342 320
335 320
336 320
362 320
354 320
339 321
348 321
340 321
349 321
322 321
348 322
349 322
339 322
324 323
325 323
341 323
345 324
325 324
332 326
361 327
367 327
336 328
332 331
344 333
345 333
339 334
336 335
342 335
362 335
1 337
338 337
363 338
348 339
348 340
349 340
362 342
344 343
345 343
345 344
365 346
349 348
356 350
357 352
1 353
360 354
360 359
367 361
366 365
