1892
33 2
35 2
41 2
69 2
75 2
103 2
109 2
119 2
127 2
132 2
138 2
144 2
180 2
182 2
188 2
216 2
222 2
250 2
256 2
266 2
274 2
279 2
285 2
291 2
300 2
32 2
34 2
39 2
40 2
47 2
36 2
42 2
70 2
73 2
74 2
76 2
94 2
104 2
106 2
108 2
60 2
110 2
111 2
113 2
120 2
125 2
126 2
130 2
131 2
129 2
134 2
139 2
142 2
143 2
146 2
179 2
181 2
186 2
187 2
194 2
183 2
189 2
217 2
220 2
221 2
223 2
241 2
251 2
253 2
255 2
207 2
257 2
258 2
260 2
267 2
272 2
273 2
277 2
278 2
276 2
281 2
286 2
289 2
290 2
293 2
7 3
8 3
301 3
6 3
10 3
12 3
5 4
13 4
14 4
87 4
105 4
116 4
122 4
153 4
154 4
6 4
16 4
18 4
88 4
114 4
115 4
106 4
120 4
121 4
118 4
124 4
13 5
14 5
87 5
105 5
116 5
122 5
153 5
154 5
152 5
156 5
158 5
7 6
13 6
50 6
51 6
55 6
56 6
8 6
10 6
12 6
14 6
16 6
18 6
52 6
54 6
21 6
57 6
59 6
8 7
301 7
13 7
50 7
51 7
55 7
56 7
10 7
12 7
9 7
11 7
301 8
10 8
12 8
9 8
11 8
10 9
23 9
12 9
20 9
22 9
25 9
12 10
23 10
11 10
12 11
14 13
87 13
105 13
116 13
122 13
50 13
51 13
55 13
56 13
16 13
18 13
15 13
17 13
87 14
105 14
116 14
122 14
16 14
18 14
15 14
17 14
16 15
29 15
18 15
27 15
28 15
31 15
18 16
29 16
17 16
18 17
20 19
32 19
45 19
46 19
21 19
22 19
23 19
25 19
33 19
34 19
36 19
38 19
1 19
47 19
49 19
32 20
45 20
46 20
21 20
22 20
23 20
25 20
27 20
28 20
55 20
135 20
24 20
22 21
23 21
25 21
27 21
28 21
55 21
135 21
26 21
29 21
31 21
56 21
57 21
59 21
136 21
137 21
139 21
141 21
23 22
25 22
27 22
28 22
55 22
135 22
24 22
25 23
24 23
25 24
27 26
39 26
60 26
67 26
68 26
125 26
28 26
29 26
31 26
33 26
40 26
42 26
44 26
61 26
73 26
109 26
110 26
1 26
70 26
72 26
119 26
126 26
127 26
129 26
28 27
55 27
135 27
39 27
60 27
67 27
68 27
125 27
29 27
31 27
30 27
55 28
135 28
29 28
31 28
30 28
31 29
30 29
31 30
45 32
46 32
33 32
34 32
36 32
38 32
39 32
40 32
47 32
35 32
37 32
35 33
41 33
69 33
75 33
103 33
109 33
119 33
127 33
132 33
138 33
144 33
180 33
182 33
188 33
216 33
222 33
250 33
256 33
266 33
274 33
279 33
285 33
291 33
300 33
34 33
36 33
38 33
39 33
40 33
47 33
42 33
44 33
45 33
46 33
49 33
36 34
38 34
39 34
40 34
47 34
35 34
37 34
41 35
69 35
75 35
103 35
109 35
119 35
127 35
132 35
138 35
144 35
180 35
182 35
188 35
216 35
222 35
250 35
256 35
266 35
274 35
279 35
285 35
291 35
300 35
36 35
38 35
38 36
37 36
38 37
60 39
67 39
68 39
125 39
40 39
47 39
42 39
44 39
41 39
43 39
47 40
42 40
44 40
41 40
43 40
69 41
75 41
103 41
109 41
119 41
127 41
132 41
138 41
144 41
180 41
182 41
188 41
216 41
222 41
250 41
256 41
266 41
274 41
279 41
285 41
291 41
300 41
42 41
44 41
44 42
43 42
44 43
1 45
52 45
57 45
64 45
67 45
82 45
85 45
149 45
192 45
199 45
204 45
211 45
214 45
229 45
232 45
296 45
299 45
46 45
47 45
49 45
48 45
1 46
47 46
49 46
48 46
1 47
49 47
48 47
49 48
1 49
51 50
55 50
56 50
52 50
54 50
1 50
53 50
55 51
56 51
52 51
54 51
1 51
53 51
1 52
57 52
64 52
67 52
82 52
85 52
149 52
192 52
199 52
204 52
211 52
214 52
229 52
232 52
296 52
299 52
54 52
53 52
54 53
1 54
56 55
135 55
57 55
59 55
1 55
58 55
57 56
59 56
1 56
58 56
1 57
64 57
67 57
82 57
85 57
149 57
192 57
199 57
204 57
211 57
214 57
229 57
232 57
296 57
299 57
59 57
58 57
59 58
1 59
67 60
68 60
125 60
61 60
73 60
109 60
110 60
62 60
63 60
64 60
66 60
69 60
74 60
76 60
78 60
111 60
113 60
73 61
109 61
110 61
62 61
63 61
64 61
66 61
80 61
81 61
136 61
147 61
148 61
1 61
65 61
63 62
64 62
66 62
80 62
81 62
136 62
147 62
148 62
79 62
82 62
84 62
135 62
137 62
142 62
143 62
149 62
151 62
64 63
66 63
80 63
81 63
136 63
147 63
148 63
1 63
65 63
1 64
67 64
82 64
85 64
149 64
192 64
199 64
204 64
211 64
214 64
229 64
232 64
296 64
299 64
66 64
65 64
66 65
1 66
1 67
82 67
85 67
149 67
192 67
199 67
204 67
211 67
214 67
229 67
232 67
296 67
299 67
68 67
125 67
70 67
72 67
69 67
71 67
125 68
1 68
70 68
72 68
69 68
71 68
75 69
103 69
109 69
119 69
127 69
132 69
138 69
144 69
180 69
182 69
188 69
216 69
222 69
250 69
256 69
266 69
274 69
279 69
285 69
291 69
300 69
70 69
73 69
74 69
72 69
76 69
78 69
1 70
72 70
73 70
74 70
71 70
72 71
1 72
109 73
110 73
74 73
76 73
78 73
75 73
77 73
76 74
78 74
75 74
77 74
103 75
109 75
119 75
127 75
132 75
138 75
144 75
180 75
182 75
188 75
216 75
222 75
250 75
256 75
266 75
274 75
279 75
285 75
291 75
300 75
76 75
78 75
78 76
77 76
78 77
80 79
85 79
86 79
91 79
98 79
99 79
114 79
81 79
82 79
84 79
1 79
88 79
90 79
92 79
93 79
95 79
97 79
100 79
102 79
87 79
115 79
116 79
118 79
81 80
136 80
147 80
148 80
85 80
86 80
91 80
98 80
99 80
114 80
82 80
84 80
1 80
83 80
136 81
147 81
148 81
82 81
84 81
1 81
83 81
1 82
85 82
149 82
192 82
199 82
204 82
211 82
214 82
229 82
232 82
296 82
299 82
84 82
83 82
84 83
1 84
1 85
149 85
192 85
199 85
204 85
211 85
214 85
229 85
232 85
296 85
299 85
86 85
91 85
98 85
99 85
114 85
88 85
90 85
87 85
89 85
91 86
98 86
99 86
114 86
1 86
88 86
90 86
87 86
89 86
105 87
116 87
122 87
88 87
114 87
115 87
90 87
118 87
1 88
90 88
114 88
115 88
89 88
90 89
1 90
98 91
99 91
114 91
92 91
93 91
95 91
97 91
94 91
100 91
96 91
93 92
95 92
97 92
94 92
100 92
103 92
104 92
111 92
98 92
99 92
102 92
95 93
97 93
94 93
100 93
96 93
100 94
95 94
103 94
104 94
111 94
97 94
106 94
108 94
109 94
110 94
113 94
97 95
103 95
104 95
111 95
96 95
97 96
99 98
114 98
100 98
102 98
101 98
114 99
100 99
102 99
101 99
102 100
101 100
102 101
109 103
119 103
127 103
132 103
138 103
144 103
180 103
182 103
188 103
216 103
222 103
250 103
256 103
266 103
274 103
279 103
285 103
291 103
300 103
104 103
111 103
106 103
108 103
105 103
107 103
111 104
106 104
108 104
105 104
107 104
116 105
122 105
106 105
120 105
121 105
108 105
119 105
124 105
108 106
120 106
121 106
107 106
108 107
119 109
127 109
132 109
138 109
144 109
180 109
182 109
188 109
216 109
222 109
250 109
256 109
266 109
274 109
279 109
285 109
291 109
300 109
110 109
111 109
113 109
112 109
111 110
113 110
112 110
113 111
112 111
113 112
115 114
116 114
118 114
117 114
116 115
118 115
117 115
122 116
118 116
117 116
118 117
127 119
132 119
138 119
144 119
180 119
182 119
188 119
216 119
222 119
250 119
256 119
266 119
274 119
279 119
285 119
291 119
300 119
120 119
125 119
126 119
130 119
131 119
121 119
122 119
124 119
129 119
134 119
121 120
125 120
126 120
130 120
131 120
122 120
124 120
123 120
122 121
124 121
123 121
124 122
123 122
124 123
126 125
130 125
131 125
127 125
129 125
128 125
130 126
131 126
127 126
129 126
128 126
132 127
138 127
144 127
180 127
182 127
188 127
216 127
222 127
250 127
256 127
266 127
274 127
279 127
285 127
291 127
300 127
129 127
128 127
129 128
131 130
132 130
134 130
133 130
132 131
134 131
133 131
138 132
144 132
180 132
182 132
188 132
216 132
222 132
250 132
256 132
266 132
274 132
279 132
285 132
291 132
300 132
134 132
133 132
134 133
136 135
137 135
139 135
141 135
142 135
143 135
138 135
140 135
147 136
148 136
137 136
139 136
141 136
142 136
143 136
144 136
146 136
139 137
141 137
142 137
143 137
138 137
140 137
144 138
180 138
182 138
188 138
216 138
222 138
250 138
256 138
266 138
274 138
279 138
285 138
291 138
300 138
139 138
141 138
141 139
140 139
141 140
143 142
144 142
146 142
145 142
144 143
146 143
145 143
180 144
182 144
188 144
216 144
222 144
250 144
256 144
266 144
274 144
279 144
285 144
291 144
300 144
146 144
145 144
146 145
148 147
149 147
151 147
1 147
150 147
149 148
151 148
1 148
150 148
1 149
192 149
199 149
204 149
211 149
214 149
229 149
232 149
296 149
299 149
151 149
150 149
151 150
1 151
153 152
159 152
197 152
198 152
202 152
203 152
154 152
156 152
158 152
160 152
161 152
163 152
165 152
199 152
201 152
168 152
204 152
206 152
154 153
159 153
197 153
198 153
202 153
203 153
156 153
158 153
155 153
157 153
156 154
158 154
155 154
157 154
156 155
170 155
158 155
167 155
169 155
172 155
158 156
170 156
157 156
158 157
197 159
198 159
202 159
203 159
160 159
161 159
163 159
165 159
234 159
252 159
263 159
269 159
162 159
164 159
161 160
163 160
165 160
234 160
252 160
263 160
269 160
235 160
261 160
262 160
253 160
267 160
268 160
265 160
271 160
163 161
165 161
234 161
252 161
263 161
269 161
162 161
164 161
163 162
176 162
165 162
174 162
175 162
178 162
165 163
176 163
164 163
165 164
167 166
179 166
192 166
193 166
168 166
169 166
170 166
172 166
180 166
181 166
183 166
185 166
1 166
194 166
196 166
179 167
192 167
193 167
168 167
169 167
170 167
172 167
174 167
175 167
202 167
282 167
171 167
169 168
170 168
172 168
174 168
175 168
202 168
282 168
173 168
176 168
178 168
203 168
204 168
206 168
283 168
284 168
286 168
288 168
170 169
172 169
174 169
175 169
202 169
282 169
171 169
172 170
171 170
172 171
174 173
186 173
207 173
214 173
215 173
272 173
175 173
176 173
178 173
180 173
187 173
189 173
191 173
208 173
220 173
256 173
257 173
1 173
217 173
219 173
266 173
273 173
274 173
276 173
175 174
202 174
282 174
186 174
207 174
214 174
215 174
272 174
176 174
178 174
177 174
202 175
282 175
176 175
178 175
177 175
178 176
177 176
178 177
192 179
193 179
180 179
181 179
183 179
185 179
186 179
187 179
194 179
182 179
184 179
182 180
188 180
216 180
222 180
250 180
256 180
266 180
274 180
279 180
285 180
291 180
300 180
181 180
183 180
185 180
186 180
187 180
194 180
189 180
191 180
192 180
193 180
196 180
183 181
185 181
186 181
187 181
194 181
182 181
184 181
188 182
216 182
222 182
250 182
256 182
266 182
274 182
279 182
285 182
291 182
300 182
183 182
185 182
185 183
184 183
185 184
207 186
214 186
215 186
272 186
187 186
194 186
189 186
191 186
188 186
190 186
194 187
189 187
191 187
188 187
190 187
216 188
222 188
250 188
256 188
266 188
274 188
279 188
285 188
291 188
300 188
189 188
191 188
191 189
190 189
191 190
1 192
199 192
204 192
211 192
214 192
229 192
232 192
296 192
299 192
193 192
194 192
196 192
195 192
1 193
194 193
196 193
195 193
1 194
196 194
195 194
196 195
1 196
198 197
202 197
203 197
199 197
201 197
1 197
200 197
202 198
203 198
199 198
201 198
1 198
200 198
1 199
204 199
211 199
214 199
229 199
232 199
296 199
299 199
201 199
200 199
201 200
1 201
203 202
282 202
204 202
206 202
1 202
205 202
204 203
206 203
1 203
205 203
1 204
211 204
214 204
229 204
232 204
296 204
299 204
206 204
205 204
206 205
1 206
214 207
215 207
272 207
208 207
220 207
256 207
257 207
209 207
210 207
211 207
213 207
216 207
221 207
223 207
225 207
258 207
260 207
220 208
256 208
257 208
209 208
210 208
211 208
213 208
227 208
228 208
283 208
294 208
295 208
1 208
212 208
210 209
211 209
213 209
227 209
228 209
283 209
294 209
295 209
226 209
229 209
231 209
282 209
284 209
289 209
290 209
296 209
298 209
211 210
213 210
227 210
228 210
283 210
294 210
295 210
1 210
212 210
1 211
214 211
229 211
232 211
296 211
299 211
213 211
212 211
213 212
1 213
1 214
229 214
232 214
296 214
299 214
215 214
272 214
217 214
219 214
216 214
218 214
272 215
1 215
217 215
219 215
216 215
218 215
222 216
250 216
256 216
266 216
274 216
279 216
285 216
291 216
300 216
217 216
220 216
221 216
219 216
223 216
225 216
1 217
219 217
220 217
221 217
218 217
219 218
1 219
256 220
257 220
221 220
223 220
225 220
222 220
224 220
223 221
225 221
222 221
224 221
250 222
256 222
266 222
274 222
279 222
285 222
291 222
300 222
223 222
225 222
225 223
224 223
225 224
227 226
232 226
233 226
238 226
245 226
246 226
261 226
228 226
229 226
231 226
1 226
235 226
237 226
239 226
240 226
242 226
244 226
247 226
249 226
234 226
262 226
263 226
265 226
228 227
283 227
294 227
295 227
232 227
233 227
238 227
245 227
246 227
261 227
229 227
231 227
1 227
230 227
283 228
294 228
295 228
229 228
231 228
1 228
230 228
1 229
232 229
296 229
299 229
231 229
230 229
231 230
1 231
1 232
296 232
299 232
233 232
238 232
245 232
246 232
261 232
235 232
237 232
234 232
236 232
238 233
245 233
246 233
261 233
1 233
235 233
237 233
234 233
236 233
252 234
263 234
269 234
235 234
261 234
262 234
237 234
265 234
1 235
237 235
261 235
262 235
236 235
237 236
1 237
245 238
246 238
261 238
239 238
240 238
242 238
244 238
241 238
247 238
243 238
240 239
242 239
244 239
241 239
247 239
250 239
251 239
258 239
245 239
246 239
249 239
242 240
244 240
241 240
247 240
243 240
247 241
242 241
250 241
251 241
258 241
244 241
253 241
255 241
256 241
257 241
260 241
244 242
250 242
251 242
258 242
243 242
244 243
246 245
261 245
247 245
249 245
248 245
261 246
247 246
249 246
248 246
249 247
248 247
249 248
256 250
266 250
274 250
279 250
285 250
291 250
300 250
251 250
258 250
253 250
255 250
252 250
254 250
258 251
253 251
255 251
252 251
254 251
263 252
269 252
253 252
267 252
268 252
255 252
266 252
271 252
255 253
267 253
268 253
254 253
255 254
266 256
274 256
279 256
285 256
291 256
300 256
257 256
258 256
260 256
259 256
258 257
260 257
259 257
260 258
259 258
260 259
262 261
263 261
265 261
264 261
263 262
265 262
264 262
269 263
265 263
264 263
265 264
274 266
279 266
285 266
291 266
300 266
267 266
272 266
273 266
277 266
278 266
268 266
269 266
271 266
276 266
281 266
268 267
272 267
273 267
277 267
278 267
269 267
271 267
270 267
269 268
271 268
270 268
271 269
270 269
271 270
273 272
277 272
278 272
274 272
276 272
275 272
277 273
278 273
274 273
276 273
275 273
279 274
285 274
291 274
300 274
276 274
275 274
276 275
278 277
279 277
281 277
280 277
279 278
281 278
280 278
285 279
291 279
300 279
281 279
280 279
281 280
283 282
284 282
286 282
288 282
289 282
290 282
285 282
287 282
294 283
295 283
284 283
286 283
288 283
289 283
290 283
291 283
293 283
286 284
288 284
289 284
290 284
285 284
287 284
291 285
300 285
286 285
288 285
288 286
287 286
288 287
290 289
291 289
293 289
292 289
291 290
293 290
292 290
300 291
293 291
292 291
293 292
295 294
296 294
298 294
1 294
297 294
296 295
298 295
1 295
297 295
1 296
299 296
298 296
297 296
298 297
1 298
1 299
