4453
1 2
3 2
12 2
102 2
4 2
13 2
11 2
22 2
112 2
202 2
4 3
13 3
5 3
14 3
12 3
23 3
1 3
102 3
5 4
14 4
13 4
6 4
15 4
24 4
114 4
14 5
15 5
16 5
25 5
6 5
7 5
7 6
16 6
8 6
17 6
15 6
26 6
8 7
9 7
18 7
108 7
16 7
17 7
27 7
108 8
118 8
208 8
9 8
18 8
10 8
19 8
17 8
28 8
10 9
19 9
20 9
18 9
108 9
29 9
19 10
20 10
30 10
1 11
12 11
21 11
13 11
22 11
112 11
31 11
13 12
14 12
23 12
21 12
22 12
32 12
122 12
1 12
112 12
102 12
212 12
22 13
112 13
14 13
23 13
15 13
24 13
114 13
33 13
15 14
24 14
114 14
16 14
25 14
23 14
34 14
124 14
214 14
16 15
17 15
26 15
24 15
25 15
35 15
114 15
25 16
26 16
27 16
36 16
126 16
17 16
18 16
26 17
18 17
27 17
19 17
28 17
118 17
37 17
19 18
20 18
29 18
27 18
28 18
38 18
128 18
108 18
118 18
218 18
20 19
29 19
30 19
28 19
39 19
118 19
29 20
30 20
40 20
22 21
31 21
1 21
23 21
32 21
122 21
41 21
31 22
112 22
32 22
33 22
42 22
132 22
122 22
222 22
23 22
24 22
24 23
33 23
25 23
34 23
124 23
32 23
122 23
43 23
33 24
34 24
35 24
44 24
134 24
114 24
124 24
224 24
25 24
26 24
26 25
35 25
27 25
36 25
126 25
34 25
45 25
124 25
35 26
27 26
28 26
37 26
36 26
126 26
46 26
136 26
226 26
28 27
37 27
36 27
126 27
29 27
38 27
128 27
47 27
29 28
38 28
128 28
118 28
30 28
39 28
37 28
48 28
138 28
228 28
38 29
39 29
40 29
49 29
30 29
128 29
40 30
39 30
50 30
32 31
41 31
33 31
42 31
132 31
51 31
41 32
33 32
34 32
43 32
42 32
52 32
142 32
122 32
132 32
232 32
34 33
43 33
42 33
132 33
35 33
44 33
134 33
53 33
35 34
44 34
134 34
43 34
36 34
45 34
54 34
144 34
124 34
234 34
36 35
37 35
46 35
136 35
44 35
45 35
55 35
134 35
126 36
136 36
146 36
236 36
37 36
46 36
45 36
38 36
47 36
56 36
38 37
47 37
39 37
48 37
138 37
46 37
57 37
136 37
128 38
138 38
148 38
238 38
47 38
39 38
48 38
40 38
49 38
58 38
48 39
138 39
40 39
49 39
50 39
59 39
50 40
49 40
60 40
42 41
51 41
43 41
52 41
142 41
61 41
43 42
52 42
142 42
44 42
53 42
51 42
62 42
152 42
132 42
242 42
44 43
53 43
45 43
54 43
144 43
52 43
63 43
142 43
45 44
54 44
144 44
134 44
154 44
244 44
46 44
55 44
53 44
64 44
46 45
55 45
47 45
56 45
146 45
54 45
65 45
144 45
136 46
146 46
156 46
246 46
55 46
47 46
56 46
48 46
57 46
66 46
48 47
57 47
56 47
146 47
49 47
58 47
148 47
67 47
57 48
58 48
59 48
68 48
158 48
138 48
148 48
248 48
49 48
50 48
58 49
148 49
50 49
59 49
60 49
69 49
60 50
59 50
70 50
160 50
52 51
61 51
53 51
62 51
152 51
71 51
142 52
152 52
162 52
252 52
53 52
62 52
61 52
54 52
63 52
72 52
54 53
63 53
55 53
64 53
154 53
62 53
152 53
73 53
55 54
56 54
65 54
63 54
64 54
74 54
164 54
144 54
154 54
254 54
64 55
154 55
65 55
66 55
75 55
56 55
57 55
156 55
65 56
57 56
66 56
156 56
58 56
67 56
76 56
166 56
146 56
256 56
66 57
67 57
68 57
77 57
156 57
58 57
59 57
158 57
67 58
59 58
68 58
158 58
148 58
60 58
69 58
78 58
258 58
60 59
70 59
160 59
68 59
69 59
79 59
158 59
70 60
160 60
69 60
80 60
170 60
260 60
71 61
72 61
81 61
62 61
63 61
162 61
71 62
63 62
72 62
162 62
64 62
73 62
152 62
82 62
172 62
262 62
64 63
65 63
74 63
164 63
72 63
162 63
73 63
83 63
154 64
73 64
65 64
74 64
164 64
66 64
75 64
84 64
174 64
264 64
66 65
67 65
76 65
166 65
74 65
164 65
75 65
85 65
67 66
76 66
166 66
75 66
68 66
77 66
86 66
176 66
156 66
266 66
68 67
77 67
69 67
78 67
76 67
87 67
166 67
77 68
69 68
78 68
70 68
79 68
158 68
88 68
78 69
70 69
79 69
80 69
170 69
89 69
79 70
80 70
170 70
90 70
180 70
160 70
270 70
72 71
73 71
82 71
172 71
81 71
91 71
162 72
172 72
272 72
81 72
73 72
82 72
74 72
83 72
92 72
74 73
83 73
75 73
84 73
174 73
82 73
93 73
172 73
83 74
75 74
76 74
85 74
84 74
174 74
94 74
184 74
164 74
274 74
76 75
85 75
84 75
174 75
77 75
86 75
176 75
95 75
77 76
78 76
87 76
85 76
86 76
96 76
186 76
176 76
166 76
276 76
86 77
176 77
78 77
87 77
79 77
88 77
97 77
79 78
88 78
80 78
89 78
87 78
98 78
80 79
89 79
90 79
180 79
88 79
99 79
89 80
90 80
100 80
190 80
170 80
180 80
280 80
82 81
91 81
83 81
92 81
83 82
84 82
93 82
91 82
92 82
172 82
84 83
93 83
92 83
85 83
94 83
184 83
85 84
94 84
184 84
93 84
95 84
174 84
284 84
86 84
94 85
184 85
86 85
95 85
87 85
96 85
186 85
87 86
88 86
97 86
95 86
96 86
196 86
176 86
186 86
286 86
96 87
186 87
88 87
97 87
89 87
98 87
89 88
90 88
99 88
97 88
98 88
90 89
99 89
100 89
190 89
98 89
99 90
100 90
200 90
180 90
190 90
290 90
92 91
93 91
93 92
94 92
94 93
95 93
184 94
95 94
96 94
96 95
97 95
196 95
186 96
97 96
196 96
98 96
296 96
196 97
98 97
99 97
99 98
100 98
100 99
200 99
200 100
190 100
300 100
112 102
202 102
122 102
212 102
201 102
203 102
1 102
118 108
208 108
128 108
218 108
207 108
209 108
308 108
122 112
212 112
132 112
222 112
202 112
211 112
213 112
124 114
134 114
224 114
214 114
204 114
213 114
215 114
314 114
128 118
138 118
228 118
208 118
217 118
218 118
219 118
318 118
212 122
221 122
222 122
223 122
232 122
132 122
142 122
134 124
224 124
144 124
234 124
214 124
223 124
225 124
324 124
136 126
226 126
146 126
236 126
216 126
225 126
227 126
326 126
218 128
227 128
228 128
229 128
238 128
328 128
138 128
148 128
142 132
152 132
242 132
222 132
231 132
232 132
233 132
144 134
234 134
154 134
244 134
224 134
233 134
235 134
334 134
146 136
236 136
156 136
246 136
226 136
235 136
237 136
336 136
228 138
237 138
238 138
239 138
248 138
338 138
148 138
158 138
232 142
152 142
242 142
162 142
252 142
241 142
243 142
154 144
244 144
164 144
254 144
234 144
243 144
245 144
344 144
156 146
166 146
256 146
236 146
245 146
246 146
247 146
346 146
158 148
248 148
258 148
238 148
247 148
249 148
348 148
162 152
252 152
172 152
262 152
242 152
251 152
253 152
164 154
254 154
244 154
174 154
264 154
253 154
255 154
354 154
246 156
255 156
256 156
257 156
266 156
356 156
166 156
176 156
258 158
248 158
257 158
259 158
268 158
358 158
170 160
260 160
180 160
270 160
250 160
259 160
172 162
262 162
272 162
252 162
261 162
263 162
174 164
264 164
184 164
274 164
254 164
263 164
265 164
364 164
176 166
266 166
186 166
276 166
256 166
265 166
267 166
366 166
180 170
190 170
280 170
260 170
269 170
270 170
272 172
262 172
271 172
273 172
282 172
184 174
274 174
284 174
264 174
273 174
275 174
374 174
266 176
186 176
276 176
196 176
286 176
275 176
277 176
376 176
270 180
190 180
280 180
200 180
290 180
279 180
380 180
274 184
284 184
283 184
285 184
294 184
196 186
296 186
276 186
285 186
286 186
287 186
386 186
200 190
300 190
280 190
289 190
290 190
390 190
286 196
296 196
295 196
297 196
396 196
290 200
300 200
299 200
400 200
202 201
211 201
203 201
212 201
221 201
203 202
204 202
213 202
211 202
212 202
222 202
204 203
213 203
212 203
205 203
214 203
223 203
205 204
214 204
206 204
215 204
213 204
224 204
314 204
206 205
215 205
207 205
216 205
214 205
225 205
207 206
216 206
208 206
217 206
215 206
226 206
208 207
217 207
209 207
218 207
308 207
216 207
227 207
209 208
218 208
308 208
210 208
219 208
217 208
228 208
318 208
408 208
210 209
219 209
218 209
308 209
220 209
229 209
220 210
219 210
230 210
212 211
221 211
213 211
222 211
231 211
213 212
214 212
223 212
221 212
222 212
232 212
214 213
223 213
215 213
224 213
314 213
222 213
233 213
223 214
215 214
224 214
314 214
225 214
234 214
324 214
414 214
216 214
224 215
314 215
216 215
225 215
217 215
226 215
235 215
217 216
218 216
227 216
225 216
226 216
236 216
326 216
226 217
218 217
227 217
219 217
228 217
318 217
237 217
219 218
220 218
229 218
228 218
318 218
227 218
238 218
328 218
308 218
418 218
228 219
318 219
220 219
229 219
230 219
239 219
230 220
229 220
240 220
222 221
231 221
223 221
232 221
241 221
331 221
223 222
224 222
233 222
232 222
231 222
242 222
232 223
233 223
234 223
243 223
224 223
225 223
324 223
233 224
225 224
234 224
324 224
226 224
235 224
244 224
334 224
314 224
424 224
226 225
235 225
227 225
236 225
326 225
234 225
245 225
324 225
235 226
236 226
237 226
246 226
336 226
326 226
426 226
227 226
228 226
228 227
237 227
229 227
238 227
328 227
236 227
247 227
326 227
229 228
238 228
328 228
230 228
239 228
237 228
318 228
248 228
338 228
428 228
230 229
240 229
238 229
239 229
249 229
328 229
240 230
239 230
250 230
232 231
241 231
331 231
242 231
251 231
341 231
431 231
233 231
241 232
331 232
233 232
242 232
234 232
243 232
252 232
234 233
243 233
235 233
244 233
334 233
242 233
253 233
243 234
244 234
245 234
254 234
344 234
324 234
334 234
434 234
235 234
236 234
236 235
245 235
237 235
246 235
336 235
244 235
334 235
255 235
237 236
246 236
336 236
245 236
238 236
247 236
256 236
346 236
326 236
436 236
238 237
239 237
248 237
338 237
247 237
246 237
257 237
336 237
328 238
247 238
239 238
248 238
338 238
240 238
249 238
258 238
348 238
438 238
240 239
250 239
249 239
248 239
259 239
338 239
250 240
249 240
260 240
251 241
252 241
261 241
351 241
242 241
341 241
331 241
441 241
243 241
251 242
252 242
253 242
262 242
243 242
244 242
341 242
252 243
244 243
253 243
245 243
254 243
344 243
263 243
245 244
246 244
255 244
334 244
344 244
354 244
444 244
253 244
254 244
264 244
246 245
255 245
247 245
256 245
346 245
254 245
265 245
344 245
336 246
247 246
256 246
346 246
248 246
257 246
255 246
266 246
356 246
446 246
256 247
346 247
257 247
258 247
267 247
248 247
249 247
348 247
249 248
250 248
259 248
258 248
348 248
338 248
257 248
268 248
358 248
448 248
258 249
348 249
250 249
259 249
260 249
269 249
260 250
259 250
270 250
341 251
351 251
361 251
451 251
252 251
261 251
253 251
262 251
271 251
253 252
262 252
254 252
263 252
261 252
272 252
351 252
262 253
254 253
263 253
264 253
273 253
255 253
354 253
344 254
263 254
255 254
264 254
354 254
364 254
454 254
256 254
265 254
274 254
256 255
257 255
266 255
356 255
264 255
265 255
275 255
365 255
354 255
346 256
257 256
266 256
356 256
258 256
267 256
265 256
276 256
366 256
456 256
266 257
267 257
268 257
277 257
356 257
258 257
259 257
358 257
259 258
268 258
358 258
348 258
260 258
269 258
267 258
278 258
368 258
458 258
268 259
358 259
260 259
270 259
269 259
279 259
270 260
269 260
280 260
262 261
271 261
361 261
263 261
272 261
281 261
371 261
351 261
461 261
263 262
264 262
273 262
272 262
271 262
282 262
361 262
272 263
264 263
273 263
265 263
274 263
364 263
283 263
373 263
354 264
265 264
266 264
275 264
365 264
273 264
274 264
284 264
374 264
364 264
464 264
365 265
375 265
465 265
274 265
364 265
266 265
275 265
267 265
276 265
366 265
285 265
356 266
267 266
276 266
366 266
268 266
277 266
275 266
286 266
376 266
466 266
365 266
268 267
269 267
278 267
368 267
276 267
366 267
277 267
287 267
269 268
278 268
368 268
270 268
279 268
358 268
277 268
288 268
378 268
468 268
278 269
279 269
280 269
289 269
270 269
368 269
279 270
280 270
290 270
380 270
272 271
281 271
371 271
273 271
282 271
291 271
381 271
361 271
471 271
273 272
282 272
274 272
283 272
373 272
281 272
292 272
371 272
274 273
283 273
373 273
275 273
284 273
374 273
282 273
293 273
383 273
473 273
275 274
284 274
374 274
364 274
283 274
285 274
294 274
373 274
474 274
276 274
375 274
284 275
374 275
276 275
285 275
375 275
277 275
286 275
376 275
295 275
385 275
365 275
475 275
285 276
375 276
277 276
286 276
376 276
366 276
278 276
287 276
296 276
386 276
476 276
278 277
287 277
286 277
288 277
297 277
376 277
279 277
378 277
287 278
279 278
280 278
289 278
288 278
298 278
368 278
378 278
478 278
280 279
289 279
290 279
380 279
288 279
378 279
299 279
380 280
390 280
480 280
289 280
290 280
300 280
282 281
291 281
381 281
283 281
292 281
391 281
371 281
481 281
283 282
284 282
293 282
383 282
291 282
381 282
292 282
284 283
293 283
383 283
285 283
294 283
292 283
393 283
373 283
483 283
293 284
294 284
295 284
383 284
374 284
285 284
286 284
385 284
286 285
287 285
296 285
386 285
375 285
385 285
395 285
485 285
294 285
295 285
287 286
288 286
297 286
296 286
386 286
295 286
396 286
376 286
486 286
385 286
296 287
386 287
288 287
297 287
289 287
298 287
297 288
298 288
299 288
289 288
378 288
290 288
298 289
290 289
299 289
300 289
390 289
299 290
300 290
390 290
380 290
400 290
490 290
292 291
293 291
391 291
381 291
491 291
391 292
293 292
294 292
393 292
383 293
393 293
493 293
294 293
295 293
393 294
295 294
296 294
395 294
296 295
395 295
297 295
396 295
385 295
495 295
386 296
297 296
396 296
298 296
496 296
395 296
298 297
299 297
396 297
299 298
300 298
300 299
400 299
390 300
400 300
500 300
318 308
408 308
328 308
418 308
407 308
409 308
324 314
414 314
334 314
424 314
404 314
413 314
415 314
408 318
417 318
418 318
419 318
428 318
328 318
338 318
334 324
424 324
414 324
344 324
434 324
423 324
425 324
336 326
426 326
416 326
425 326
427 326
436 326
346 326
418 328
338 328
428 328
348 328
438 328
427 328
429 328
341 331
431 331
351 331
441 331
421 331
432 331
344 334
434 334
354 334
444 334
424 334
433 334
435 334
426 336
346 336
436 336
356 336
446 336
435 336
437 336
348 338
358 338
448 338
438 338
428 338
437 338
439 338
431 341
441 341
442 341
451 341
541 341
351 341
361 341
434 344
354 344
444 344
364 344
454 344
443 344
445 344
356 346
366 346
456 346
446 346
436 346
445 346
447 346
358 348
368 348
458 348
448 348
438 348
447 348
449 348
441 351
361 351
371 351
461 351
451 351
452 351
551 351
364 354
454 354
374 354
464 354
444 354
453 354
455 354
366 356
456 356
446 356
455 356
457 356
466 356
376 356
448 358
457 358
458 358
459 358
468 358
368 358
378 358
371 361
461 361
451 361
381 361
471 361
462 361
561 361
374 364
464 364
454 364
474 364
463 364
465 364
375 365
465 365
385 365
475 365
455 365
464 365
466 365
456 366
465 366
466 366
467 366
476 366
376 366
386 366
378 368
468 368
478 368
458 368
467 368
469 368
381 371
471 371
461 371
472 371
481 371
571 371
391 371
383 373
473 373
393 373
483 373
463 373
472 373
474 373
474 374
464 374
473 374
475 374
484 374
385 375
475 375
395 375
485 375
465 375
474 375
476 375
386 376
396 376
486 376
466 376
475 376
476 376
477 376
468 378
478 378
477 378
479 378
488 378
390 380
480 380
400 380
490 380
470 380
479 380
580 380
471 381
481 381
482 381
491 381
581 381
391 381
393 383
483 383
493 383
473 383
482 383
484 383
395 385
485 385
475 385
495 385
484 385
486 385
396 386
496 386
476 386
485 386
486 386
487 386
400 390
490 390
500 390
480 390
489 390
590 390
491 391
481 391
492 391
591 391
493 393
483 393
492 393
494 393
495 395
485 395
494 395
496 395
486 396
495 396
496 396
497 396
490 400
499 400
500 400
600 400
402 401
411 401
403 401
412 401
421 401
403 402
412 402
404 402
413 402
411 402
422 402
412 403
413 403
414 403
423 403
404 403
405 403
405 404
414 404
406 404
415 404
505 404
413 404
424 404
505 405
515 405
605 405
406 405
415 405
407 405
416 405
414 405
425 405
415 406
505 406
407 406
416 406
408 406
417 406
426 406
416 407
417 407
418 407
427 407
408 407
409 407
409 408
418 408
410 408
419 408
509 408
417 408
428 408
418 409
410 409
419 409
509 409
420 409
429 409
519 409
609 409
420 410
419 410
430 410
509 410
412 411
421 411
413 411
422 411
431 411
413 412
414 412
423 412
421 412
422 412
432 412
522 412
414 413
423 413
422 413
415 413
424 413
433 413
415 414
416 414
425 414
515 414
423 414
424 414
434 414
416 415
425 415
515 415
505 415
417 415
426 415
424 415
435 415
525 415
615 415
417 416
426 416
418 416
427 416
425 416
436 416
515 416
418 417
427 417
419 417
428 417
426 417
437 417
527 417
427 418
428 418
429 418
438 418
419 418
420 418
519 418
420 419
429 419
519 419
509 419
430 419
428 419
439 419
529 419
619 419
429 420
430 420
440 420
519 420
422 421
431 421
423 421
432 421
522 421
441 421
423 422
424 422
433 422
431 422
432 422
442 422
532 422
522 422
622 422
432 423
433 423
434 423
443 423
424 423
425 423
522 423
433 424
425 424
434 424
426 424
435 424
525 424
444 424
515 425
525 425
535 425
625 425
426 425
435 425
427 425
436 425
434 425
445 425
427 426
436 426
435 426
525 426
428 426
437 426
527 426
446 426
436 427
437 427
438 427
447 427
537 427
527 427
627 427
428 427
429 427
429 428
438 428
430 428
439 428
529 428
437 428
448 428
527 428
438 429
519 429
529 429
539 429
629 429
430 429
439 429
440 429
449 429
440 430
439 430
450 430
529 430
432 431
441 431
433 431
442 431
532 431
451 431
541 431
433 432
442 432
532 432
434 432
443 432
441 432
452 432
542 432
522 432
632 432
442 433
532 433
434 433
443 433
435 433
444 433
453 433
435 434
444 434
436 434
445 434
535 434
443 434
454 434
444 435
436 435
445 435
535 435
525 435
437 435
446 435
455 435
545 435
635 435
437 436
446 436
438 436
447 436
537 436
445 436
456 436
535 436
438 437
447 437
537 437
439 437
448 437
446 437
457 437
547 437
527 437
637 437
439 438
440 438
449 438
539 438
448 438
447 438
458 438
537 438
440 439
449 439
539 439
450 439
448 439
459 439
529 439
639 439
450 440
449 440
460 440
539 440
541 441
542 441
551 441
641 441
442 441
451 441
443 441
452 441
461 441
443 442
452 442
542 442
532 442
444 442
453 442
451 442
462 442
552 442
541 442
642 442
444 443
445 443
454 443
453 443
452 443
542 443
463 443
445 444
454 444
446 444
455 444
545 444
453 444
464 444
454 445
455 445
456 445
465 445
555 445
535 445
545 445
645 445
446 445
447 445
447 446
456 446
448 446
457 446
547 446
455 446
545 446
466 446
448 447
449 447
458 447
456 447
457 447
467 447
537 447
547 447
647 447
457 448
547 448
449 448
458 448
450 448
459 448
468 448
539 449
458 449
459 449
460 449
469 449
450 449
459 450
460 450
470 450
560 450
452 451
461 451
551 451
541 451
561 451
651 451
453 451
462 451
552 451
471 451
453 452
462 452
552 452
461 452
551 452
454 452
463 452
472 452
562 452
542 452
652 452
462 453
552 453
454 453
463 453
455 453
464 453
473 453
455 454
464 454
456 454
465 454
555 454
463 454
474 454
545 455
555 455
655 455
456 455
465 455
464 455
457 455
466 455
475 455
465 456
555 456
457 456
466 456
458 456
467 456
476 456
547 457
458 457
467 457
459 457
468 457
466 457
477 457
459 458
460 458
469 458
467 458
468 458
478 458
460 459
469 459
470 459
560 459
468 459
479 459
469 460
470 460
480 460
570 460
560 460
660 460
551 461
561 461
571 461
661 461
462 461
471 461
463 461
472 461
562 461
481 461
463 462
472 462
562 462
464 462
473 462
552 462
471 462
482 462
572 462
662 462
561 462
464 463
465 463
474 463
472 463
473 463
483 463
562 463
465 464
474 464
466 464
475 464
473 464
484 464
466 465
475 465
555 465
474 465
476 465
485 465
467 465
475 466
467 466
476 466
468 466
477 466
486 466
468 467
477 467
476 467
478 467
487 467
577 467
469 467
477 468
469 468
478 468
470 468
479 468
488 468
478 469
470 469
479 469
480 469
570 469
489 469
479 470
480 470
570 470
490 470
580 470
560 470
670 470
561 471
472 471
481 471
571 471
473 471
482 471
572 471
491 471
581 471
671 471
481 472
571 472
473 472
482 472
572 472
474 472
483 472
492 472
582 472
562 472
672 472
474 473
483 473
475 473
484 473
482 473
493 473
572 473
475 474
476 474
485 474
483 474
484 474
494 474
476 475
485 475
477 475
486 475
484 475
495 475
477 476
478 476
487 476
577 476
485 476
486 476
496 476
478 477
487 477
577 477
479 477
488 477
486 477
497 477
587 477
677 477
487 478
488 478
489 478
498 478
577 478
479 478
480 478
488 479
480 479
489 479
490 479
580 479
499 479
570 480
580 480
590 480
680 480
489 480
490 480
500 480
482 481
491 481
581 481
483 481
492 481
582 481
571 481
591 481
681 481
483 482
492 482
582 482
491 482
581 482
484 482
493 482
592 482
572 482
682 482
492 483
493 483
494 483
582 483
484 483
485 483
485 484
494 484
486 484
495 484
493 484
494 485
486 485
495 485
487 485
496 485
487 486
496 486
488 486
497 486
587 486
495 486
577 487
587 487
687 487
488 487
497 487
496 487
489 487
498 487
489 488
498 488
490 488
499 488
497 488
587 488
498 489
490 489
499 489
500 489
590 489
499 490
500 490
600 490
580 490
590 490
690 490
581 491
492 491
591 491
493 491
592 491
691 491
493 492
494 492
582 492
591 492
592 492
692 492
592 493
494 493
495 493
495 494
496 494
496 495
497 495
497 496
498 496
498 497
499 497
587 497
499 498
500 498
500 499
600 499
600 500
590 500
700 500
515 505
605 505
525 505
615 505
604 505
606 505
519 509
609 509
529 509
619 509
608 509
610 509
525 515
615 515
535 515
625 515
605 515
614 515
616 515
529 519
619 519
539 519
629 519
609 519
618 519
620 519
532 522
622 522
542 522
632 522
612 522
621 522
623 522
722 522
535 525
545 525
635 525
615 525
624 525
625 525
626 525
537 527
627 527
547 527
637 527
617 527
626 527
628 527
539 529
639 529
619 529
628 529
629 529
630 529
542 532
632 532
622 532
541 532
552 532
642 532
631 532
633 532
732 532
625 535
545 535
635 535
555 535
645 535
634 535
636 535
627 537
636 537
637 537
638 537
647 537
547 537
629 539
639 539
638 539
640 539
649 539
542 541
552 541
642 541
551 541
561 541
651 541
631 541
641 541
551 542
641 542
632 542
552 542
642 542
562 542
652 542
643 542
742 542
555 545
645 545
635 545
655 545
644 545
646 545
637 547
646 547
647 547
648 547
657 547
641 551
651 551
652 551
661 551
561 551
571 551
562 552
652 552
642 552
572 552
662 552
651 552
653 552
752 552
655 555
645 555
654 555
656 555
665 555
570 560
580 560
670 560
660 560
650 560
659 560
760 560
651 561
571 561
661 561
581 561
671 561
662 561
652 562
661 562
662 562
663 562
672 562
762 562
572 562
582 562
580 570
670 570
660 570
590 570
680 570
669 570
581 571
671 571
591 571
681 571
661 571
672 571
582 572
672 572
592 572
682 572
662 572
671 572
673 572
772 572
667 577
676 577
677 577
678 577
687 577
587 577
670 580
590 580
680 580
600 580
690 580
679 580
591 581
681 581
592 581
691 581
671 581
682 581
592 582
682 582
591 582
692 582
672 582
681 582
683 582
782 582
687 587
677 587
686 587
688 587
697 587
680 590
600 590
690 590
700 590
689 590
681 591
592 591
691 591
692 591
691 592
682 592
692 592
693 592
792 592
700 600
690 600
699 600
602 601
603 601
612 601
611 601
621 601
603 602
612 602
604 602
613 602
611 602
622 602
612 603
613 603
614 603
623 603
604 603
605 603
605 604
614 604
613 604
606 604
615 604
624 604
614 605
606 605
615 605
607 605
616 605
706 605
625 605
607 606
616 606
706 606
608 606
617 606
615 606
626 606
716 606
806 606
616 607
706 607
608 607
617 607
609 607
618 607
627 607
617 608
609 608
618 608
610 608
619 608
628 608
618 609
610 609
619 609
620 609
710 609
629 609
710 610
720 610
810 610
619 610
620 610
630 610
612 611
621 611
613 611
622 611
631 611
621 612
622 612
623 612
632 612
722 612
613 612
614 612
614 613
623 613
615 613
624 613
622 613
633 613
623 614
624 614
625 614
634 614
615 614
616 614
616 615
625 615
617 615
626 615
716 615
624 615
635 615
625 616
626 616
627 616
636 616
726 616
706 616
716 616
816 616
617 616
618 616
618 617
627 617
626 617
716 617
619 617
628 617
637 617
627 618
628 618
629 618
638 618
619 618
620 618
620 619
629 619
630 619
720 619
628 619
639 619
630 620
720 620
710 620
629 620
640 620
730 620
820 620
622 621
631 621
623 621
632 621
722 621
641 621
623 622
632 622
722 622
624 622
633 622
631 622
642 622
732 622
822 622
632 623
633 623
634 623
643 623
722 623
624 623
625 623
625 624
634 624
626 624
635 624
633 624
644 624
626 625
627 625
636 625
726 625
634 625
635 625
645 625
627 626
636 626
726 626
628 626
637 626
635 626
646 626
736 626
716 626
826 626
628 627
637 627
629 627
638 627
636 627
726 627
647 627
629 628
638 628
630 628
639 628
637 628
648 628
630 629
640 629
730 629
638 629
639 629
649 629
720 630
640 630
730 630
639 630
650 630
740 630
830 630
632 631
641 631
633 631
642 631
732 631
651 631
641 632
642 632
643 632
652 632
742 632
722 632
732 632
832 632
633 632
634 632
642 633
732 633
634 633
643 633
635 633
644 633
653 633
635 634
644 634
636 634
645 634
643 634
654 634
636 635
645 635
637 635
646 635
736 635
644 635
655 635
637 636
646 636
736 636
726 636
645 636
647 636
656 636
746 636
836 636
638 636
646 637
736 637
638 637
647 637
648 637
657 637
639 637
647 638
639 638
648 638
640 638
649 638
658 638
748 638
640 639
649 639
648 639
650 639
740 639
659 639
649 640
650 640
660 640
750 640
730 640
740 640
840 640
642 641
651 641
643 641
652 641
742 641
661 641
643 642
652 642
742 642
651 642
653 642
662 642
752 642
732 642
644 642
842 642
652 643
653 643
654 643
663 643
742 643
644 643
645 643
645 644
654 644
646 644
655 644
653 644
664 644
646 645
655 645
647 645
656 645
746 645
654 645
665 645
736 646
647 646
656 646
746 646
648 646
657 646
655 646
666 646
756 646
846 646
656 647
746 647
648 647
657 647
649 647
658 647
748 647
667 647
649 648
650 648
659 648
658 648
748 648
657 648
668 648
758 648
848 648
658 649
748 649
650 649
659 649
660 649
750 649
669 649
659 650
740 650
750 650
760 650
850 650
660 650
670 650
652 651
661 651
653 651
662 651
752 651
671 651
653 652
662 652
752 652
661 652
663 652
672 652
762 652
654 652
742 652
852 652
654 653
663 653
655 653
664 653
662 653
673 653
752 653
663 654
655 654
664 654
656 654
665 654
674 654
664 655
665 655
666 655
675 655
656 655
657 655
756 655
746 656
657 656
666 656
756 656
658 656
667 656
665 656
676 656
766 656
856 656
666 657
667 657
668 657
677 657
658 657
659 657
758 657
756 657
667 658
659 658
668 658
758 658
660 658
669 658
748 658
678 658
768 658
858 658
660 659
670 659
760 659
668 659
758 659
669 659
679 659
670 660
760 660
750 660
860 660
669 660
680 660
662 661
671 661
663 661
672 661
762 661
681 661
663 662
672 662
762 662
752 662
664 662
673 662
671 662
682 662
772 662
862 662
664 663
665 663
674 663
672 663
673 663
683 663
762 663
665 664
674 664
666 664
675 664
673 664
684 664
666 665
667 665
676 665
766 665
674 665
675 665
685 665
667 666
676 666
766 666
668 666
677 666
675 666
686 666
776 666
756 666
866 666
676 667
677 667
678 667
687 667
766 667
668 667
669 667
768 667
669 668
678 668
768 668
670 668
679 668
677 668
688 668
778 668
758 668
868 668
678 669
768 669
670 669
679 669
680 669
689 669
679 670
680 670
760 670
690 670
681 671
682 671
691 671
672 671
673 671
772 671
673 672
682 672
772 672
762 672
674 672
683 672
681 672
692 672
782 672
872 672
674 673
675 673
684 673
682 673
772 673
683 673
693 673
675 674
684 674
683 674
685 674
694 674
676 674
684 675
676 675
685 675
677 675
686 675
776 675
695 675
685 676
686 676
687 676
696 676
766 676
776 676
876 676
677 676
678 676
678 677
687 677
679 677
688 677
778 677
686 677
697 677
776 677
768 678
778 678
788 678
878 678
679 678
688 678
680 678
689 678
687 678
698 678
680 679
690 679
688 679
689 679
699 679
778 679
690 680
689 680
700 680
691 681
692 681
682 681
683 681
782 681
772 682
782 682
792 682
882 682
683 682
684 682
693 682
692 682
691 682
692 683
782 683
684 683
693 683
685 683
694 683
693 684
694 684
695 684
685 684
686 684
686 685
687 685
696 685
695 685
694 685
687 686
696 686
688 686
697 686
695 686
776 686
688 687
697 687
696 687
689 687
698 687
788 687
697 688
698 688
699 688
798 688
778 688
788 688
888 688
689 688
690 688
690 689
699 689
700 689
698 689
788 689
699 690
700 690
692 691
693 691
792 691
782 692
693 692
792 692
694 692
892 692
792 693
694 693
695 693
695 694
696 694
696 695
697 695
697 696
698 696
698 697
699 697
798 697
788 698
798 698
898 698
699 698
700 698
700 699
798 699
716 706
726 706
816 706
806 706
805 706
807 706
720 710
810 710
730 710
820 710
809 710
726 716
816 716
806 716
736 716
826 716
815 716
817 716
916 716
730 720
820 720
810 720
819 720
830 720
740 720
732 722
822 722
742 722
832 722
812 722
821 722
823 722
816 726
825 726
826 726
827 726
836 726
926 726
736 726
746 726
820 730
740 730
830 730
750 730
840 730
829 730
822 732
831 732
832 732
833 732
842 732
742 732
752 732
826 736
835 736
836 736
837 736
846 736
936 736
746 736
756 736
830 740
839 740
840 740
850 740
750 740
760 740
752 742
842 742
762 742
852 742
832 742
841 742
843 742
756 746
766 746
856 746
836 746
845 746
846 746
847 746
946 746
838 748
847 748
848 748
849 748
858 748
948 748
758 748
768 748
760 750
850 750
860 750
840 750
849 750
762 752
852 752
842 752
851 752
853 752
862 752
772 752
846 756
855 756
856 756
857 756
866 756
956 756
766 756
776 756
848 758
768 758
858 758
778 758
868 758
857 758
859 758
860 760
850 760
859 760
870 760
960 760
852 762
772 762
862 762
782 762
872 762
861 762
863 762
856 766
776 766
876 766
866 766
865 766
867 766
966 766
778 768
788 768
878 768
868 768
858 768
867 768
869 768
782 772
872 772
792 772
882 772
862 772
871 772
873 772
876 776
866 776
875 776
877 776
886 776
976 776
788 778
878 778
868 778
798 778
888 778
877 778
879 778
792 782
882 782
872 782
892 782
881 782
883 782
878 788
887 788
888 788
889 788
898 788
798 788
892 792
882 792
891 792
893 792
898 798
888 798
897 798
899 798
802 801
811 801
901 801
803 801
812 801
821 801
911 801
803 802
804 802
813 802
811 802
812 802
822 802
901 802
804 803
813 803
805 803
814 803
812 803
823 803
805 804
814 804
806 804
815 804
813 804
824 804
814 805
815 805
816 805
825 805
806 805
807 805
807 806
816 806
815 806
808 806
817 806
826 806
916 806
816 807
817 807
818 807
827 807
808 807
809 807
908 807
817 808
809 808
818 808
908 808
810 808
819 808
909 808
828 808
918 808
810 809
819 809
909 809
820 809
818 809
829 809
919 809
908 809
819 810
820 810
830 810
909 810
812 811
821 811
911 811
813 811
822 811
831 811
921 811
901 811
821 812
911 812
813 812
814 812
823 812
822 812
832 812
814 813
823 813
815 813
824 813
822 813
833 813
815 814
816 814
825 814
823 814
824 814
834 814
816 815
825 815
824 815
826 815
835 815
817 815
916 815
825 816
817 816
826 816
916 816
818 816
827 816
836 816
926 816
818 817
827 817
819 817
828 817
918 817
826 817
837 817
916 817
908 818
918 818
919 818
928 818
827 818
819 818
828 818
820 818
829 818
838 818
820 819
829 819
919 819
830 819
909 819
828 819
839 819
929 819
918 819
829 820
830 820
840 820
919 820
822 821
831 821
921 821
823 821
832 821
841 821
911 821
831 822
832 822
833 822
842 822
823 822
921 822
824 822
824 823
833 823
825 823
834 823
832 823
843 823
833 824
825 824
834 824
826 824
835 824
844 824
934 824
826 825
835 825
827 825
836 825
926 825
834 825
845 825
916 826
926 826
936 826
827 826
836 826
835 826
828 826
837 826
846 826
828 827
837 827
829 827
838 827
928 827
836 827
847 827
926 827
837 828
838 828
839 828
848 828
938 828
918 828
928 828
929 828
829 828
830 828
830 829
839 829
929 829
840 829
838 829
849 829
939 829
928 829
919 829
839 830
929 830
840 830
850 830
832 831
841 831
921 831
833 831
842 831
851 831
941 831
841 832
833 832
842 832
834 832
843 832
852 832
834 833
843 833
835 833
844 833
934 833
842 833
853 833
843 834
844 834
845 834
854 834
944 834
934 834
835 834
836 834
836 835
845 835
837 835
846 835
936 835
844 835
934 835
855 835
837 836
846 836
936 836
838 836
847 836
926 836
845 836
856 836
946 836
846 837
936 837
838 837
847 837
839 837
848 837
938 837
857 837
839 838
848 838
938 838
840 838
849 838
939 838
847 838
858 838
948 838
928 838
848 839
849 839
850 839
859 839
949 839
938 839
929 839
939 839
840 839
849 840
939 840
850 840
860 840
941 841
951 841
842 841
851 841
843 841
852 841
861 841
843 842
852 842
844 842
853 842
851 842
941 842
862 842
852 843
844 843
853 843
845 843
854 843
944 843
863 843
845 844
854 844
944 844
846 844
855 844
853 844
864 844
954 844
934 844
854 845
944 845
846 845
855 845
847 845
856 845
946 845
865 845
847 846
856 846
946 846
848 846
857 846
855 846
936 846
866 846
956 846
848 847
857 847
856 847
946 847
849 847
858 847
948 847
867 847
849 848
858 848
948 848
850 848
859 848
949 848
857 848
868 848
938 848
939 849
948 849
949 849
959 849
850 849
859 849
860 849
858 849
869 849
860 850
859 850
870 850
960 850
949 850
852 851
861 851
951 851
853 851
862 851
941 851
871 851
961 851
853 852
862 852
854 852
863 852
861 852
872 852
951 852
854 853
863 853
862 853
864 853
873 853
855 853
954 853
863 854
855 854
864 854
954 854
856 854
865 854
874 854
964 854
944 854
856 855
857 855
866 855
956 855
864 855
865 855
875 855
954 855
946 856
857 856
866 856
956 856
858 856
867 856
865 856
876 856
966 856
866 857
956 857
858 857
859 857
868 857
867 857
877 857
948 858
859 858
868 858
860 858
869 858
959 858
867 858
878 858
860 859
870 859
960 859
868 859
869 859
879 859
969 859
949 859
958 859
959 859
870 860
960 860
869 860
959 860
880 860
970 860
862 861
863 861
872 861
871 861
881 861
971 861
951 861
961 861
863 862
872 862
871 862
961 862
864 862
873 862
882 862
864 863
865 863
874 863
964 863
872 863
873 863
883 863
954 864
865 864
874 864
964 864
873 864
866 864
875 864
884 864
974 864
874 865
964 865
866 865
867 865
876 865
966 865
875 865
885 865
867 866
876 866
966 866
875 866
956 866
868 866
877 866
886 866
976 866
868 867
869 867
878 867
876 867
877 867
887 867
966 867
869 868
878 868
870 868
879 868
969 868
877 868
888 868
878 869
879 869
880 869
889 869
979 869
959 869
968 869
969 869
870 869
970 869
960 870
880 870
970 870
879 870
969 870
890 870
980 870
881 871
882 871
891 871
961 871
971 871
872 871
873 871
881 872
971 872
873 872
882 872
874 872
883 872
892 872
874 873
883 873
875 873
884 873
974 873
882 873
893 873
964 874
875 874
884 874
974 874
876 874
885 874
883 874
894 874
984 874
876 875
885 875
877 875
886 875
976 875
884 875
895 875
974 875
885 876
877 876
886 876
976 876
878 876
887 876
966 876
896 876
986 876
878 877
887 877
879 877
888 877
886 877
897 877
976 877
887 878
879 878
888 878
880 878
889 878
979 878
898 878
880 879
889 879
979 879
890 879
980 879
969 879
888 879
899 879
978 879
890 880
980 880
889 880
979 880
970 880
900 880
990 880
882 881
891 881
883 881
892 881
971 881
883 882
892 882
884 882
893 882
891 882
884 883
885 883
894 883
984 883
892 883
893 883
885 884
894 884
984 884
886 884
895 884
893 884
994 884
974 884
886 885
895 885
887 885
896 885
986 885
894 885
984 885
895 886
887 886
896 886
986 886
976 886
888 886
897 886
996 886
888 887
889 887
898 887
896 887
897 887
986 887
889 888
898 888
890 888
899 888
897 888
898 889
899 889
900 889
890 889
990 889
979 889
900 890
990 890
980 890
899 890
1000 890
892 891
893 891
893 892
894 892
894 893
895 893
994 893
984 894
895 894
896 894
994 894
896 895
897 895
996 895
994 895
986 896
897 896
996 896
898 896
898 897
899 897
996 897
899 898
900 898
900 899
1000 899
990 900
1000 900
911 901
921 901
909 908
918 908
919 908
928 908
918 909
919 909
929 909
921 911
926 916
936 916
919 918
928 918
929 918
938 918
929 919
928 919
939 919
936 926
946 926
938 928
939 928
948 928
929 928
938 929
939 929
949 929
944 934
954 934
946 936
956 936
939 938
948 938
949 938
949 939
948 939
959 939
951 941
961 941
954 944
964 944
956 946
966 946
949 948
959 948
958 949
959 949
969 949
961 951
971 951
964 954
974 954
966 956
976 956
959 958
969 958
969 959
968 959
979 959
970 960
980 960
971 961
974 964
984 964
976 966
986 966
969 968
979 968
979 969
978 969
980 970
990 970
984 974
994 974
986 976
996 976
979 978
990 980
1000 980
994 984
996 986
989 988
1000 990
999 998
