5336
1 2
3 2
6 2
81 2
83 2
486 2
24 3
1 3
6 3
81 3
83 3
487 3
5 4
6 5
33 5
34 5
37 5
39 5
40 5
33 6
34 6
37 6
39 6
40 6
1 6
81 6
83 6
485 6
486 6
487 6
8 7
9 7
10 7
12 7
13 7
14 7
17 7
82 7
83 7
497 7
498 7
499 7
9 8
10 8
12 8
13 8
14 8
17 8
82 8
83 8
497 8
10 9
12 9
13 9
14 9
17 9
82 9
83 9
498 9
83 10
12 10
13 10
14 10
17 10
82 10
499 10
12 11
13 11
14 11
13 12
14 12
17 12
82 12
83 12
497 12
14 13
17 13
82 13
83 13
59 13
498 13
17 14
82 14
83 14
499 14
38 15
16 15
17 15
33 15
39 15
40 15
34 16
38 16
17 16
33 16
39 16
40 16
33 17
39 17
40 17
82 17
83 17
497 17
498 17
499 17
21 18
24 18
27 18
22 19
25 19
28 19
23 20
26 20
29 20
24 21
27 21
25 22
28 22
26 23
29 23
25 24
26 24
30 24
31 24
32 24
33 24
83 24
26 25
30 25
31 25
32 25
33 25
83 25
30 26
31 26
32 26
33 26
83 26
28 27
29 27
34 27
83 27
29 28
34 28
83 28
34 29
83 29
31 30
32 30
33 30
83 30
32 31
33 31
83 31
33 32
83 32
83 33
35 33
34 33
37 33
39 33
40 33
83 34
36 34
39 34
38 34
40 34
37 34
36 35
37 35
37 36
38 37
39 37
40 37
40 38
40 39
42 41
43 41
46 41
84 41
86 41
491 41
43 42
46 42
84 42
86 42
492 42
46 43
84 43
86 43
493 43
45 44
46 45
73 45
74 45
77 45
79 45
80 45
73 46
74 46
77 46
79 46
80 46
84 46
86 46
491 46
492 46
493 46
48 47
49 47
50 47
52 47
53 47
54 47
57 47
85 47
86 47
503 47
504 47
505 47
49 48
50 48
52 48
53 48
54 48
57 48
85 48
86 48
503 48
50 49
52 49
53 49
54 49
57 49
85 49
86 49
504 49
86 50
52 50
53 50
54 50
57 50
85 50
505 50
52 51
53 51
54 51
53 52
54 52
57 52
85 52
86 52
503 52
54 53
57 53
85 53
86 53
504 53
57 54
85 54
86 54
505 54
78 55
56 55
57 55
73 55
79 55
80 55
74 56
78 56
57 56
73 56
79 56
80 56
73 57
79 57
80 57
85 57
86 57
503 57
504 57
505 57
61 58
64 58
67 58
62 59
65 59
68 59
63 60
66 60
69 60
64 61
67 61
65 62
68 62
66 63
69 63
65 64
66 64
70 64
71 64
72 64
73 64
86 64
66 65
70 65
71 65
72 65
73 65
86 65
70 66
71 66
72 66
73 66
86 66
68 67
69 67
74 67
86 67
69 68
74 68
86 68
74 69
86 69
71 70
72 70
73 70
86 70
72 71
73 71
86 71
73 72
86 72
86 73
75 73
74 73
77 73
79 73
80 73
86 74
76 74
79 74
78 74
80 74
77 74
76 75
77 75
77 76
78 77
79 77
80 77
80 78
80 79
1 81
83 81
95 81
98 81
103 81
106 81
219 81
222 81
83 82
1 83
95 83
102 83
103 83
110 83
219 83
226 83
86 84
87 84
90 84
111 84
114 84
474 84
477 84
86 85
94 86
118 86
154 86
87 86
111 86
474 86
481 86
92 87
111 87
116 87
474 87
479 87
93 87
117 87
480 87
94 87
118 87
481 87
90 87
114 87
477 87
119 88
122 88
488 88
120 88
123 88
489 88
121 88
124 88
490 88
131 88
134 88
500 88
132 88
135 88
501 88
133 88
136 88
502 88
143 88
146 88
512 88
144 88
147 88
513 88
145 88
148 88
514 88
553 88
554 88
555 88
112 88
591 88
592 88
593 88
594 88
595 88
596 88
603 88
604 88
605 88
89 88
606 88
608 88
607 88
609 88
610 88
611 88
612 88
574 88
575 88
576 88
577 88
584 88
585 88
586 88
587 88
588 88
152 89
210 89
213 89
216 89
153 89
211 89
214 89
217 89
154 89
212 89
215 89
218 89
606 89
608 89
607 89
609 89
610 89
611 89
580 89
111 90
114 90
474 90
477 90
92 90
93 90
94 90
574 90
575 90
576 90
579 90
92 91
93 91
94 91
580 91
581 91
582 91
583 91
585 91
586 91
587 91
590 91
93 92
94 92
565 92
566 92
567 92
568 92
571 92
569 92
572 92
570 92
573 92
116 92
152 92
111 92
474 92
479 92
597 92
598 92
599 92
603 92
604 92
605 92
606 92
600 92
601 92
602 92
607 92
574 92
575 92
576 92
579 92
581 92
580 92
582 92
583 92
585 92
586 92
587 92
590 92
94 93
565 93
566 93
567 93
568 93
571 93
569 93
572 93
570 93
573 93
117 93
153 93
111 93
474 93
480 93
597 93
598 93
599 93
603 93
604 93
605 93
606 93
600 93
601 93
602 93
607 93
574 93
575 93
576 93
579 93
582 93
580 93
581 93
583 93
585 93
586 93
587 93
590 93
565 94
566 94
567 94
568 94
571 94
569 94
572 94
570 94
573 94
118 94
154 94
111 94
474 94
481 94
597 94
598 94
599 94
603 94
604 94
605 94
606 94
600 94
601 94
602 94
607 94
574 94
575 94
576 94
579 94
583 94
580 94
581 94
582 94
585 94
586 94
587 94
590 94
100 95
103 95
108 95
219 95
224 95
101 95
109 95
225 95
102 95
110 95
226 95
98 95
106 95
222 95
125 96
128 96
494 96
126 96
129 96
495 96
127 96
130 96
496 96
137 96
140 96
506 96
138 96
141 96
507 96
139 96
142 96
508 96
104 96
155 96
156 96
157 96
158 96
159 96
160 96
167 96
168 96
169 96
97 96
170 96
172 96
171 96
173 96
174 96
175 96
176 96
536 96
537 96
538 96
539 96
546 96
547 96
548 96
549 96
550 96
221 97
170 97
172 97
171 97
173 97
174 97
175 97
542 97
103 98
106 98
219 98
222 98
100 98
101 98
102 98
536 98
537 98
538 98
541 98
100 99
101 99
102 99
542 99
543 99
544 99
545 99
547 99
548 99
549 99
552 99
101 100
102 100
161 100
167 100
168 100
521 100
162 100
169 100
522 100
163 100
523 100
108 100
149 100
224 100
103 100
219 100
170 100
164 100
165 100
166 100
171 100
536 100
537 100
538 100
541 100
543 100
542 100
544 100
545 100
547 100
548 100
549 100
552 100
102 101
161 101
167 101
168 101
521 101
162 101
169 101
522 101
163 101
523 101
109 101
150 101
225 101
103 101
219 101
170 101
164 101
165 101
166 101
171 101
536 101
537 101
538 101
541 101
544 101
542 101
543 101
545 101
547 101
548 101
549 101
552 101
161 102
167 102
168 102
521 102
162 102
169 102
522 102
163 102
523 102
110 102
151 102
226 102
103 102
219 102
170 102
164 102
165 102
166 102
171 102
536 102
537 102
538 102
541 102
545 102
542 102
543 102
544 102
547 102
548 102
549 102
552 102
108 103
219 103
224 103
109 103
225 103
110 103
226 103
106 103
222 103
227 103
232 103
235 103
240 103
233 103
241 103
234 103
242 103
230 103
238 103
143 104
146 104
509 104
144 104
147 104
510 104
145 104
148 104
511 104
515 104
516 104
517 104
106 104
108 104
109 104
110 104
119 104
120 104
121 104
122 104
123 104
124 104
107 104
131 104
132 104
133 104
134 104
135 104
136 104
149 105
178 105
181 105
184 105
150 105
179 105
182 105
185 105
151 105
180 105
183 105
186 105
221 105
219 106
222 106
108 106
109 106
110 106
119 106
120 106
121 106
122 106
123 106
124 106
227 106
230 106
235 106
238 106
108 107
109 107
110 107
131 107
132 107
133 107
134 107
135 107
136 107
109 108
110 108
527 108
528 108
529 108
530 108
533 108
531 108
534 108
532 108
535 108
149 108
224 108
219 108
119 108
120 108
121 108
122 108
123 108
124 108
131 108
132 108
133 108
134 108
135 108
136 108
227 108
232 108
235 108
240 108
110 109
527 109
528 109
529 109
530 109
533 109
531 109
534 109
532 109
535 109
150 109
225 109
219 109
119 109
120 109
121 109
122 109
123 109
124 109
131 109
132 109
133 109
134 109
135 109
136 109
227 109
233 109
235 109
241 109
527 110
528 110
529 110
530 110
533 110
531 110
534 110
532 110
535 110
151 110
226 110
219 110
119 110
120 110
121 110
122 110
123 110
124 110
131 110
132 110
133 110
134 110
135 110
136 110
227 110
234 110
235 110
242 110
116 111
455 111
460 111
463 111
468 111
474 111
479 111
117 111
461 111
469 111
480 111
118 111
462 111
470 111
481 111
114 111
458 111
466 111
477 111
187 112
188 112
189 112
190 112
191 112
192 112
199 112
200 112
201 112
113 112
202 112
204 112
203 112
205 112
206 112
207 112
208 112
114 112
116 112
117 112
118 112
125 112
126 112
127 112
128 112
129 112
130 112
115 112
137 112
138 112
139 112
140 112
141 112
142 112
202 113
204 113
203 113
205 113
206 113
207 113
465 113
476 113
455 114
458 114
463 114
466 114
474 114
477 114
116 114
117 114
118 114
125 114
126 114
127 114
128 114
129 114
130 114
116 115
117 115
118 115
137 115
138 115
139 115
140 115
141 115
142 115
117 116
118 116
193 116
199 116
200 116
559 116
194 116
201 116
560 116
195 116
561 116
202 116
196 116
197 116
198 116
203 116
468 116
479 116
482 116
455 116
460 116
463 116
474 116
152 116
125 116
126 116
127 116
128 116
129 116
130 116
137 116
138 116
139 116
140 116
141 116
142 116
118 117
193 117
199 117
200 117
559 117
194 117
201 117
560 117
195 117
561 117
202 117
196 117
197 117
198 117
203 117
469 117
480 117
483 117
455 117
461 117
463 117
474 117
153 117
125 117
126 117
127 117
128 117
129 117
130 117
137 117
138 117
139 117
140 117
141 117
142 117
193 118
199 118
200 118
559 118
194 118
201 118
560 118
195 118
561 118
202 118
196 118
197 118
198 118
203 118
470 118
481 118
484 118
455 118
462 118
463 118
474 118
154 118
125 118
126 118
127 118
128 118
129 118
130 118
137 118
138 118
139 118
140 118
141 118
142 118
122 119
485 119
488 119
120 119
121 119
123 119
124 119
228 119
230 119
232 119
233 119
234 119
247 119
249 119
251 119
252 119
253 119
266 119
268 119
270 119
271 119
272 119
285 119
287 119
289 119
290 119
291 119
304 119
306 119
308 119
309 119
310 119
323 119
325 119
327 119
328 119
329 119
342 119
344 119
346 119
347 119
348 119
361 119
363 119
365 119
366 119
367 119
380 119
382 119
384 119
385 119
386 119
399 119
401 119
403 119
404 119
405 119
418 119
420 119
422 119
423 119
424 119
437 119
439 119
441 119
442 119
443 119
456 119
458 119
460 119
461 119
462 119
475 119
477 119
479 119
480 119
481 119
123 120
486 120
489 120
121 120
122 120
124 120
228 120
230 120
232 120
233 120
234 120
247 120
249 120
251 120
252 120
253 120
266 120
268 120
270 120
271 120
272 120
285 120
287 120
289 120
290 120
291 120
304 120
306 120
308 120
309 120
310 120
323 120
325 120
327 120
328 120
329 120
342 120
344 120
346 120
347 120
348 120
361 120
363 120
365 120
366 120
367 120
380 120
382 120
384 120
385 120
386 120
399 120
401 120
403 120
404 120
405 120
418 120
420 120
422 120
423 120
424 120
437 120
439 120
441 120
442 120
443 120
456 120
458 120
460 120
461 120
462 120
475 120
477 120
479 120
480 120
481 120
124 121
487 121
490 121
122 121
123 121
228 121
230 121
232 121
233 121
234 121
247 121
249 121
251 121
252 121
253 121
266 121
268 121
270 121
271 121
272 121
285 121
287 121
289 121
290 121
291 121
304 121
306 121
308 121
309 121
310 121
323 121
325 121
327 121
328 121
329 121
342 121
344 121
346 121
347 121
348 121
361 121
363 121
365 121
366 121
367 121
380 121
382 121
384 121
385 121
386 121
399 121
401 121
403 121
404 121
405 121
418 121
420 121
422 121
423 121
424 121
437 121
439 121
441 121
442 121
443 121
456 121
458 121
460 121
461 121
462 121
475 121
477 121
479 121
480 121
481 121
485 122
488 122
123 122
124 122
228 122
230 122
232 122
233 122
234 122
247 122
249 122
251 122
252 122
253 122
266 122
268 122
270 122
271 122
272 122
285 122
287 122
289 122
290 122
291 122
304 122
306 122
308 122
309 122
310 122
323 122
325 122
327 122
328 122
329 122
342 122
344 122
346 122
347 122
348 122
361 122
363 122
365 122
366 122
367 122
380 122
382 122
384 122
385 122
386 122
399 122
401 122
403 122
404 122
405 122
418 122
420 122
422 122
423 122
424 122
437 122
439 122
441 122
442 122
443 122
456 122
458 122
460 122
461 122
462 122
475 122
477 122
479 122
480 122
481 122
486 123
489 123
124 123
228 123
230 123
232 123
233 123
234 123
247 123
249 123
251 123
252 123
253 123
266 123
268 123
270 123
271 123
272 123
285 123
287 123
289 123
290 123
291 123
304 123
306 123
308 123
309 123
310 123
323 123
325 123
327 123
328 123
329 123
342 123
344 123
346 123
347 123
348 123
361 123
363 123
365 123
366 123
367 123
380 123
382 123
384 123
385 123
386 123
399 123
401 123
403 123
404 123
405 123
418 123
420 123
422 123
423 123
424 123
437 123
439 123
441 123
442 123
443 123
456 123
458 123
460 123
461 123
462 123
475 123
477 123
479 123
480 123
481 123
487 124
490 124
228 124
230 124
232 124
233 124
234 124
247 124
249 124
251 124
252 124
253 124
266 124
268 124
270 124
271 124
272 124
285 124
287 124
289 124
290 124
291 124
304 124
306 124
308 124
309 124
310 124
323 124
325 124
327 124
328 124
329 124
342 124
344 124
346 124
347 124
348 124
361 124
363 124
365 124
366 124
367 124
380 124
382 124
384 124
385 124
386 124
399 124
401 124
403 124
404 124
405 124
418 124
420 124
422 124
423 124
424 124
437 124
439 124
441 124
442 124
443 124
456 124
458 124
460 124
461 124
462 124
475 124
477 124
479 124
480 124
481 124
128 125
491 125
494 125
126 125
127 125
129 125
130 125
220 125
222 125
224 125
225 125
226 125
236 125
238 125
240 125
241 125
242 125
255 125
257 125
259 125
260 125
261 125
274 125
276 125
278 125
279 125
280 125
293 125
295 125
297 125
298 125
299 125
312 125
314 125
316 125
317 125
318 125
331 125
333 125
335 125
336 125
337 125
350 125
352 125
354 125
355 125
356 125
369 125
371 125
373 125
374 125
375 125
388 125
390 125
392 125
393 125
394 125
407 125
409 125
411 125
412 125
413 125
426 125
428 125
430 125
431 125
432 125
445 125
447 125
449 125
450 125
451 125
464 125
466 125
468 125
469 125
470 125
129 126
492 126
495 126
127 126
128 126
130 126
220 126
222 126
224 126
225 126
226 126
236 126
238 126
240 126
241 126
242 126
255 126
257 126
259 126
260 126
261 126
274 126
276 126
278 126
279 126
280 126
293 126
295 126
297 126
298 126
299 126
312 126
314 126
316 126
317 126
318 126
331 126
333 126
335 126
336 126
337 126
350 126
352 126
354 126
355 126
356 126
369 126
371 126
373 126
374 126
375 126
388 126
390 126
392 126
393 126
394 126
407 126
409 126
411 126
412 126
413 126
426 126
428 126
430 126
431 126
432 126
445 126
447 126
449 126
450 126
451 126
464 126
466 126
468 126
469 126
470 126
130 127
493 127
496 127
128 127
129 127
220 127
222 127
224 127
225 127
226 127
236 127
238 127
240 127
241 127
242 127
255 127
257 127
259 127
260 127
261 127
274 127
276 127
278 127
279 127
280 127
293 127
295 127
297 127
298 127
299 127
312 127
314 127
316 127
317 127
318 127
331 127
333 127
335 127
336 127
337 127
350 127
352 127
354 127
355 127
356 127
369 127
371 127
373 127
374 127
375 127
388 127
390 127
392 127
393 127
394 127
407 127
409 127
411 127
412 127
413 127
426 127
428 127
430 127
431 127
432 127
445 127
447 127
449 127
450 127
451 127
464 127
466 127
468 127
469 127
470 127
491 128
494 128
129 128
130 128
220 128
222 128
224 128
225 128
226 128
236 128
238 128
240 128
241 128
242 128
255 128
257 128
259 128
260 128
261 128
274 128
276 128
278 128
279 128
280 128
293 128
295 128
297 128
298 128
299 128
312 128
314 128
316 128
317 128
318 128
331 128
333 128
335 128
336 128
337 128
350 128
352 128
354 128
355 128
356 128
369 128
371 128
373 128
374 128
375 128
388 128
390 128
392 128
393 128
394 128
407 128
409 128
411 128
412 128
413 128
426 128
428 128
430 128
431 128
432 128
445 128
447 128
449 128
450 128
451 128
464 128
466 128
468 128
469 128
470 128
492 129
495 129
130 129
220 129
222 129
224 129
225 129
226 129
236 129
238 129
240 129
241 129
242 129
255 129
257 129
259 129
260 129
261 129
274 129
276 129
278 129
279 129
280 129
293 129
295 129
297 129
298 129
299 129
312 129
314 129
316 129
317 129
318 129
331 129
333 129
335 129
336 129
337 129
350 129
352 129
354 129
355 129
356 129
369 129
371 129
373 129
374 129
375 129
388 129
390 129
392 129
393 129
394 129
407 129
409 129
411 129
412 129
413 129
426 129
428 129
430 129
431 129
432 129
445 129
447 129
449 129
450 129
451 129
464 129
466 129
468 129
469 129
470 129
493 130
496 130
220 130
222 130
224 130
225 130
226 130
236 130
238 130
240 130
241 130
242 130
255 130
257 130
259 130
260 130
261 130
274 130
276 130
278 130
279 130
280 130
293 130
295 130
297 130
298 130
299 130
312 130
314 130
316 130
317 130
318 130
331 130
333 130
335 130
336 130
337 130
350 130
352 130
354 130
355 130
356 130
369 130
371 130
373 130
374 130
375 130
407 130
409 130
411 130
412 130
413 130
426 130
428 130
430 130
431 130
432 130
445 130
447 130
449 130
450 130
451 130
464 130
466 130
468 130
469 130
470 130
134 131
497 131
500 131
132 131
133 131
135 131
136 131
228 131
231 131
232 131
233 131
234 131
247 131
250 131
251 131
252 131
253 131
266 131
269 131
270 131
271 131
272 131
285 131
288 131
289 131
290 131
291 131
304 131
307 131
308 131
309 131
310 131
323 131
326 131
327 131
328 131
329 131
342 131
345 131
346 131
347 131
348 131
361 131
364 131
365 131
366 131
367 131
380 131
383 131
384 131
385 131
386 131
399 131
402 131
403 131
404 131
405 131
418 131
421 131
422 131
423 131
424 131
437 131
440 131
441 131
442 131
443 131
456 131
459 131
460 131
461 131
462 131
475 131
478 131
479 131
480 131
481 131
135 132
498 132
501 132
133 132
134 132
136 132
228 132
231 132
232 132
233 132
234 132
247 132
250 132
251 132
252 132
253 132
266 132
269 132
270 132
271 132
272 132
285 132
288 132
289 132
290 132
291 132
304 132
307 132
308 132
309 132
310 132
323 132
326 132
327 132
328 132
329 132
342 132
345 132
346 132
347 132
348 132
361 132
364 132
365 132
366 132
367 132
380 132
383 132
384 132
385 132
386 132
399 132
402 132
403 132
404 132
405 132
418 132
421 132
422 132
423 132
424 132
437 132
440 132
441 132
442 132
443 132
456 132
459 132
460 132
461 132
462 132
475 132
478 132
479 132
480 132
481 132
136 133
499 133
502 133
134 133
135 133
228 133
231 133
232 133
233 133
234 133
247 133
250 133
251 133
252 133
253 133
266 133
269 133
270 133
271 133
272 133
285 133
288 133
289 133
290 133
291 133
304 133
307 133
308 133
309 133
310 133
323 133
326 133
327 133
328 133
329 133
342 133
345 133
346 133
347 133
348 133
361 133
364 133
365 133
366 133
367 133
380 133
383 133
384 133
385 133
386 133
399 133
402 133
403 133
404 133
405 133
418 133
421 133
422 133
423 133
424 133
437 133
440 133
441 133
442 133
443 133
456 133
459 133
460 133
461 133
462 133
475 133
478 133
479 133
480 133
481 133
497 134
500 134
135 134
136 134
228 134
231 134
232 134
233 134
234 134
247 134
250 134
251 134
252 134
253 134
266 134
269 134
270 134
271 134
272 134
285 134
288 134
289 134
290 134
291 134
304 134
307 134
308 134
309 134
310 134
323 134
326 134
327 134
328 134
329 134
342 134
345 134
346 134
347 134
348 134
361 134
364 134
365 134
366 134
367 134
380 134
383 134
384 134
385 134
386 134
399 134
402 134
403 134
404 134
405 134
418 134
421 134
422 134
423 134
424 134
437 134
440 134
441 134
442 134
443 134
456 134
459 134
460 134
461 134
462 134
475 134
478 134
479 134
480 134
481 134
498 135
501 135
136 135
228 135
231 135
232 135
233 135
234 135
247 135
250 135
251 135
252 135
253 135
266 135
269 135
270 135
271 135
272 135
285 135
288 135
289 135
290 135
291 135
304 135
307 135
308 135
309 135
310 135
323 135
326 135
327 135
328 135
329 135
342 135
345 135
346 135
347 135
348 135
361 135
364 135
365 135
366 135
367 135
380 135
383 135
384 135
385 135
386 135
399 135
402 135
403 135
404 135
405 135
418 135
421 135
422 135
423 135
424 135
437 135
440 135
441 135
442 135
443 135
456 135
459 135
460 135
461 135
462 135
475 135
478 135
479 135
480 135
481 135
499 136
502 136
228 136
231 136
232 136
233 136
234 136
247 136
250 136
251 136
252 136
253 136
266 136
269 136
270 136
271 136
272 136
285 136
288 136
289 136
290 136
291 136
304 136
307 136
308 136
309 136
310 136
323 136
326 136
327 136
328 136
329 136
342 136
345 136
346 136
347 136
348 136
361 136
364 136
365 136
366 136
367 136
380 136
383 136
384 136
385 136
386 136
399 136
402 136
403 136
404 136
405 136
418 136
421 136
422 136
423 136
424 136
437 136
440 136
441 136
442 136
443 136
456 136
459 136
460 136
461 136
462 136
475 136
478 136
479 136
480 136
481 136
140 137
503 137
506 137
138 137
139 137
141 137
142 137
220 137
223 137
224 137
225 137
226 137
236 137
239 137
240 137
241 137
242 137
255 137
258 137
259 137
260 137
261 137
274 137
277 137
278 137
279 137
280 137
293 137
296 137
297 137
298 137
299 137
312 137
315 137
316 137
317 137
318 137
331 137
334 137
335 137
336 137
337 137
350 137
353 137
354 137
355 137
356 137
369 137
372 137
373 137
374 137
375 137
388 137
391 137
392 137
393 137
394 137
407 137
410 137
411 137
412 137
413 137
426 137
429 137
430 137
431 137
432 137
445 137
448 137
449 137
450 137
451 137
464 137
467 137
468 137
469 137
470 137
141 138
504 138
507 138
139 138
140 138
142 138
220 138
223 138
224 138
225 138
226 138
236 138
239 138
240 138
241 138
242 138
255 138
258 138
259 138
260 138
261 138
274 138
277 138
278 138
279 138
280 138
293 138
296 138
297 138
298 138
299 138
312 138
315 138
316 138
317 138
318 138
331 138
334 138
335 138
336 138
337 138
350 138
353 138
354 138
355 138
356 138
369 138
372 138
373 138
374 138
375 138
388 138
391 138
392 138
393 138
394 138
407 138
410 138
411 138
412 138
413 138
426 138
429 138
430 138
431 138
432 138
445 138
448 138
449 138
450 138
451 138
464 138
467 138
468 138
469 138
470 138
142 139
505 139
508 139
140 139
141 139
220 139
223 139
224 139
225 139
226 139
236 139
239 139
240 139
241 139
242 139
255 139
258 139
259 139
260 139
261 139
274 139
277 139
278 139
279 139
280 139
293 139
296 139
297 139
298 139
299 139
312 139
315 139
316 139
317 139
318 139
331 139
334 139
335 139
336 139
337 139
350 139
353 139
354 139
355 139
356 139
369 139
372 139
373 139
374 139
375 139
388 139
391 139
392 139
393 139
394 139
407 139
410 139
411 139
412 139
413 139
426 139
429 139
430 139
431 139
432 139
445 139
448 139
449 139
450 139
451 139
464 139
467 139
468 139
469 139
470 139
503 140
506 140
141 140
142 140
220 140
223 140
224 140
225 140
226 140
236 140
239 140
240 140
241 140
242 140
255 140
258 140
259 140
260 140
261 140
274 140
277 140
278 140
279 140
280 140
293 140
296 140
297 140
298 140
299 140
312 140
315 140
316 140
317 140
318 140
331 140
334 140
335 140
336 140
337 140
350 140
353 140
354 140
355 140
356 140
369 140
372 140
373 140
374 140
375 140
388 140
391 140
392 140
393 140
394 140
407 140
410 140
411 140
412 140
413 140
426 140
429 140
430 140
431 140
432 140
445 140
448 140
449 140
450 140
451 140
464 140
467 140
468 140
469 140
470 140
504 141
507 141
142 141
220 141
223 141
224 141
225 141
226 141
236 141
239 141
240 141
241 141
242 141
255 141
258 141
259 141
260 141
261 141
274 141
277 141
278 141
279 141
280 141
293 141
296 141
297 141
298 141
299 141
312 141
315 141
316 141
317 141
318 141
331 141
334 141
335 141
336 141
337 141
350 141
353 141
354 141
355 141
356 141
369 141
372 141
373 141
374 141
375 141
388 141
391 141
392 141
393 141
394 141
407 141
410 141
411 141
412 141
413 141
426 141
429 141
430 141
431 141
432 141
445 141
448 141
449 141
450 141
451 141
464 141
467 141
468 141
469 141
470 141
505 142
508 142
220 142
223 142
224 142
225 142
226 142
236 142
239 142
240 142
241 142
242 142
255 142
258 142
259 142
260 142
261 142
274 142
277 142
278 142
279 142
280 142
293 142
296 142
297 142
298 142
299 142
312 142
315 142
316 142
317 142
318 142
331 142
334 142
335 142
336 142
337 142
350 142
353 142
354 142
355 142
356 142
369 142
372 142
373 142
374 142
375 142
388 142
391 142
392 142
393 142
394 142
407 142
410 142
411 142
412 142
413 142
426 142
429 142
430 142
431 142
432 142
445 142
448 142
449 142
450 142
451 142
464 142
467 142
468 142
469 142
470 142
146 143
509 143
512 143
228 143
614 143
247 143
617 143
266 143
620 143
285 143
623 143
304 143
626 143
323 143
629 143
342 143
632 143
361 143
635 143
380 143
638 143
399 143
641 143
418 143
644 143
437 143
647 143
456 143
650 143
475 143
653 143
147 144
510 144
513 144
228 144
615 144
247 144
618 144
266 144
621 144
285 144
624 144
304 144
627 144
323 144
630 144
342 144
633 144
361 144
636 144
380 144
639 144
399 144
642 144
418 144
645 144
437 144
648 144
456 144
651 144
475 144
654 144
148 145
511 145
514 145
228 145
616 145
247 145
619 145
266 145
622 145
285 145
625 145
304 145
628 145
323 145
631 145
342 145
634 145
361 145
637 145
380 145
640 145
399 145
643 145
418 145
646 145
437 145
649 145
456 145
652 145
475 145
655 145
509 146
512 146
228 146
614 146
247 146
617 146
266 146
620 146
285 146
623 146
304 146
626 146
323 146
629 146
342 146
632 146
361 146
635 146
380 146
638 146
399 146
641 146
418 146
644 146
437 146
647 146
456 146
650 146
475 146
653 146
510 147
513 147
228 147
615 147
247 147
618 147
266 147
621 147
285 147
624 147
304 147
627 147
323 147
630 147
342 147
633 147
361 147
636 147
380 147
639 147
399 147
642 147
418 147
645 147
437 147
648 147
456 147
651 147
475 147
654 147
511 148
514 148
228 148
616 148
247 148
619 148
266 148
622 148
285 148
625 148
304 148
628 148
323 148
631 148
342 148
634 148
361 148
637 148
380 148
640 148
399 148
643 148
418 148
646 148
437 148
649 148
456 148
652 148
475 148
655 148
509 149
178 149
181 149
184 149
224 149
510 150
179 150
182 150
185 150
225 150
511 151
180 151
183 151
186 151
226 151
512 152
210 152
213 152
216 152
513 153
211 153
214 153
217 153
514 154
212 154
215 154
218 154
158 155
161 155
164 155
159 156
162 156
165 156
160 157
163 157
166 157
161 158
164 158
162 159
165 159
163 160
166 160
167 161
168 161
521 161
162 161
163 161
169 161
170 161
167 162
169 162
522 162
163 162
168 162
170 162
168 163
169 163
523 163
167 163
170 163
170 164
171 164
174 164
176 164
519 164
520 164
521 164
524 164
165 164
166 164
170 165
171 165
174 165
176 165
519 165
520 165
522 165
525 165
166 165
170 166
171 166
174 166
176 166
519 166
520 166
523 166
526 166
168 167
521 167
169 167
522 167
170 167
521 168
169 168
523 168
170 168
522 169
523 169
170 169
171 170
174 170
176 170
519 170
520 170
521 170
524 170
522 170
525 170
523 170
526 170
172 170
177 170
540 170
541 170
550 170
551 170
552 170
175 171
518 171
174 171
176 171
519 171
520 171
521 171
524 171
522 171
525 171
523 171
526 171
173 171
177 171
540 171
541 171
551 171
173 172
174 172
174 173
518 174
519 174
176 174
520 174
521 174
524 174
522 174
525 174
523 174
526 174
175 174
177 174
540 174
541 174
518 175
177 175
550 175
551 175
519 176
520 176
521 176
524 176
522 176
525 176
523 176
526 176
177 176
540 176
541 176
550 176
551 176
552 176
540 177
541 177
550 177
551 177
552 177
181 178
184 178
533 178
182 179
185 179
534 179
183 180
186 180
535 180
184 181
524 181
185 182
525 182
186 183
526 183
515 184
516 185
517 186
190 187
193 187
196 187
191 188
194 188
197 188
192 189
195 189
198 189
193 190
196 190
194 191
197 191
195 192
198 192
199 193
200 193
559 193
194 193
195 193
201 193
202 193
199 194
201 194
560 194
195 194
200 194
202 194
200 195
201 195
561 195
199 195
202 195
202 196
203 196
206 196
208 196
557 196
558 196
559 196
562 196
197 196
198 196
202 197
203 197
206 197
208 197
557 197
558 197
560 197
563 197
198 197
202 198
203 198
206 198
208 198
557 198
558 198
561 198
564 198
200 199
559 199
201 199
560 199
202 199
559 200
201 200
561 200
202 200
560 201
561 201
202 201
203 202
206 202
208 202
557 202
558 202
559 202
562 202
560 202
563 202
561 202
564 202
204 202
207 203
556 203
206 203
208 203
557 203
558 203
559 203
562 203
560 203
563 203
561 203
564 203
205 203
209 203
205 204
206 204
206 205
556 206
557 206
208 206
558 206
559 206
562 206
560 206
563 206
561 206
564 206
207 206
556 207
209 207
557 208
558 208
559 208
562 208
560 208
563 208
561 208
564 208
213 210
216 210
571 210
214 211
217 211
572 211
215 212
218 212
573 212
216 213
562 213
217 214
563 214
218 215
564 215
553 216
554 217
555 218
224 219
225 219
226 219
222 219
227 219
232 219
235 219
240 219
233 219
241 219
234 219
242 219
230 219
238 219
228 220
222 220
224 220
225 220
226 220
223 220
237 221
227 222
230 222
235 222
238 222
224 222
225 222
226 222
224 223
225 223
226 223
232 224
240 224
243 224
227 224
235 224
225 224
226 224
233 225
241 225
244 225
227 225
235 225
226 225
234 226
242 226
245 226
227 226
235 226
232 227
235 227
240 227
233 227
241 227
234 227
242 227
230 227
238 227
246 227
251 227
254 227
259 227
252 227
260 227
253 227
261 227
249 227
257 227
230 228
232 228
233 228
234 228
231 228
614 228
615 228
616 228
237 229
235 230
238 230
232 230
233 230
234 230
246 230
249 230
254 230
257 230
232 231
233 231
234 231
240 232
243 232
235 232
233 232
234 232
246 232
251 232
254 232
259 232
241 233
244 233
235 233
234 233
246 233
252 233
254 233
260 233
242 234
245 234
235 234
253 234
254 234
261 234
240 235
241 235
242 235
238 235
246 235
251 235
254 235
259 235
252 235
260 235
253 235
261 235
249 235
257 235
247 236
238 236
240 236
241 236
242 236
239 236
256 237
246 238
249 238
254 238
257 238
240 238
241 238
242 238
240 239
241 239
242 239
243 240
251 240
259 240
262 240
246 240
254 240
241 240
242 240
244 241
252 241
260 241
263 241
246 241
254 241
242 241
245 242
253 242
261 242
264 242
254 242
614 243
615 244
616 245
251 246
254 246
259 246
252 246
260 246
249 246
257 246
265 246
270 246
273 246
278 246
271 246
279 246
253 246
261 246
272 246
280 246
268 246
276 246
249 247
251 247
252 247
253 247
250 247
617 247
618 247
619 247
256 248
254 249
257 249
251 249
252 249
253 249
265 249
268 249
273 249
276 249
251 250
252 250
253 250
259 251
262 251
254 251
252 251
253 251
265 251
270 251
273 251
278 251
260 252
263 252
254 252
253 252
265 252
271 252
273 252
279 252
261 253
264 253
254 253
265 253
272 253
273 253
280 253
259 254
260 254
261 254
257 254
265 254
270 254
273 254
278 254
271 254
279 254
272 254
280 254
268 254
276 254
266 255
257 255
259 255
260 255
261 255
258 255
275 256
265 257
268 257
273 257
276 257
259 257
260 257
261 257
259 258
260 258
261 258
262 259
270 259
278 259
281 259
265 259
273 259
260 259
261 259
263 260
271 260
279 260
282 260
265 260
273 260
261 260
264 261
272 261
280 261
283 261
265 261
273 261
617 262
618 263
619 264
270 265
273 265
278 265
271 265
279 265
272 265
280 265
268 265
276 265
284 265
289 265
292 265
297 265
290 265
298 265
291 265
299 265
287 265
295 265
268 266
270 266
271 266
272 266
269 266
620 266
621 266
622 266
275 267
273 268
276 268
270 268
271 268
272 268
284 268
287 268
292 268
295 268
270 269
271 269
272 269
278 270
281 270
273 270
271 270
272 270
284 270
289 270
292 270
297 270
279 271
282 271
273 271
272 271
284 271
290 271
292 271
298 271
280 272
283 272
273 272
284 272
291 272
292 272
299 272
278 273
279 273
280 273
276 273
284 273
289 273
292 273
297 273
290 273
298 273
291 273
299 273
287 273
295 273
285 274
276 274
278 274
279 274
280 274
277 274
294 275
284 276
287 276
292 276
295 276
278 276
279 276
280 276
278 277
279 277
280 277
281 278
289 278
297 278
300 278
284 278
292 278
279 278
280 278
282 279
290 279
298 279
301 279
284 279
292 279
280 279
283 280
291 280
299 280
302 280
284 280
292 280
620 281
621 282
622 283
289 284
292 284
297 284
290 284
298 284
291 284
299 284
287 284
295 284
303 284
308 284
311 284
316 284
309 284
317 284
310 284
318 284
306 284
314 284
287 285
289 285
290 285
291 285
288 285
623 285
624 285
625 285
294 286
292 287
295 287
289 287
290 287
291 287
303 287
306 287
311 287
314 287
289 288
290 288
291 288
297 289
300 289
292 289
290 289
291 289
303 289
308 289
311 289
316 289
298 290
301 290
292 290
291 290
303 290
309 290
311 290
317 290
299 291
302 291
292 291
303 291
310 291
311 291
318 291
297 292
298 292
299 292
295 292
303 292
308 292
311 292
316 292
309 292
317 292
310 292
318 292
306 292
314 292
304 293
295 293
297 293
298 293
299 293
296 293
313 294
303 295
306 295
311 295
314 295
297 295
298 295
299 295
297 296
298 296
299 296
300 297
308 297
316 297
319 297
303 297
311 297
298 297
299 297
301 298
309 298
317 298
320 298
303 298
311 298
299 298
302 299
310 299
318 299
321 299
303 299
311 299
623 300
624 301
625 302
308 303
311 303
316 303
309 303
317 303
310 303
318 303
306 303
314 303
322 303
327 303
330 303
335 303
328 303
336 303
329 303
337 303
325 303
333 303
306 304
308 304
309 304
310 304
307 304
626 304
627 304
628 304
313 305
311 306
314 306
308 306
309 306
310 306
322 306
325 306
330 306
333 306
308 307
309 307
310 307
316 308
319 308
311 308
309 308
310 308
322 308
327 308
330 308
335 308
317 309
320 309
311 309
310 309
322 309
328 309
330 309
336 309
318 310
321 310
311 310
322 310
329 310
330 310
337 310
316 311
317 311
318 311
314 311
322 311
327 311
330 311
335 311
328 311
336 311
329 311
337 311
325 311
333 311
323 312
314 312
316 312
317 312
318 312
315 312
332 313
322 314
325 314
330 314
333 314
316 314
317 314
318 314
316 315
317 315
318 315
319 316
327 316
335 316
338 316
322 316
330 316
317 316
318 316
320 317
328 317
336 317
339 317
322 317
330 317
318 317
321 318
329 318
337 318
340 318
322 318
330 318
626 319
627 320
628 321
327 322
330 322
335 322
328 322
336 322
329 322
337 322
325 322
333 322
341 322
346 322
349 322
354 322
347 322
355 322
348 322
356 322
344 322
352 322
325 323
327 323
328 323
329 323
326 323
629 323
630 323
631 323
332 324
330 325
333 325
327 325
328 325
329 325
341 325
344 325
349 325
352 325
327 326
328 326
329 326
335 327
338 327
330 327
328 327
329 327
341 327
346 327
349 327
354 327
336 328
339 328
330 328
329 328
341 328
347 328
349 328
355 328
337 329
340 329
330 329
341 329
348 329
349 329
356 329
335 330
336 330
337 330
333 330
341 330
346 330
349 330
354 330
347 330
355 330
348 330
356 330
344 330
352 330
342 331
333 331
335 331
336 331
337 331
334 331
351 332
341 333
344 333
349 333
352 333
335 333
336 333
337 333
335 334
336 334
337 334
338 335
346 335
354 335
357 335
341 335
349 335
336 335
337 335
339 336
347 336
355 336
358 336
341 336
349 336
337 336
340 337
348 337
356 337
359 337
341 337
349 337
629 338
630 339
631 340
346 341
349 341
354 341
347 341
355 341
348 341
356 341
344 341
352 341
360 341
365 341
368 341
373 341
366 341
374 341
367 341
375 341
363 341
371 341
344 342
346 342
347 342
348 342
345 342
632 342
633 342
634 342
351 343
349 344
352 344
346 344
347 344
348 344
360 344
363 344
368 344
371 344
346 345
347 345
348 345
354 346
357 346
349 346
347 346
348 346
360 346
365 346
368 346
373 346
355 347
358 347
349 347
348 347
360 347
366 347
368 347
374 347
356 348
359 348
349 348
360 348
367 348
368 348
375 348
354 349
355 349
356 349
352 349
360 349
365 349
368 349
373 349
366 349
374 349
367 349
375 349
363 349
371 349
361 350
352 350
354 350
355 350
356 350
353 350
370 351
360 352
363 352
368 352
371 352
354 352
355 352
356 352
354 353
355 353
356 353
357 354
365 354
373 354
376 354
360 354
368 354
355 354
356 354
358 355
366 355
374 355
377 355
360 355
368 355
356 355
359 356
367 356
375 356
378 356
360 356
368 356
632 357
633 358
634 359
365 360
368 360
373 360
366 360
374 360
367 360
375 360
363 360
371 360
379 360
384 360
387 360
392 360
385 360
393 360
386 360
394 360
382 360
390 360
363 361
365 361
366 361
367 361
364 361
635 361
636 361
637 361
370 362
368 363
371 363
365 363
366 363
367 363
379 363
382 363
387 363
390 363
365 364
366 364
367 364
373 365
376 365
368 365
366 365
367 365
379 365
384 365
387 365
392 365
374 366
377 366
368 366
367 366
379 366
385 366
387 366
393 366
375 367
378 367
368 367
379 367
386 367
387 367
394 367
373 368
374 368
375 368
371 368
379 368
384 368
387 368
392 368
385 368
393 368
386 368
394 368
382 368
390 368
380 369
371 369
373 369
374 369
375 369
372 369
389 370
379 371
382 371
387 371
390 371
373 371
374 371
375 371
373 372
374 372
375 372
376 373
384 373
392 373
395 373
379 373
387 373
374 373
375 373
377 374
385 374
393 374
396 374
379 374
387 374
375 374
378 375
386 375
394 375
397 375
379 375
387 375
635 376
636 377
637 378
384 379
387 379
392 379
385 379
393 379
386 379
394 379
382 379
390 379
398 379
403 379
406 379
411 379
404 379
412 379
405 379
413 379
401 379
409 379
382 380
384 380
385 380
386 380
383 380
638 380
639 380
640 380
389 381
387 382
390 382
384 382
385 382
386 382
398 382
401 382
406 382
409 382
384 383
385 383
386 383
392 384
395 384
387 384
385 384
386 384
398 384
403 384
406 384
411 384
393 385
396 385
387 385
386 385
398 385
404 385
406 385
412 385
394 386
397 386
387 386
398 386
405 386
406 386
413 386
392 387
393 387
394 387
390 387
398 387
403 387
406 387
411 387
404 387
412 387
405 387
413 387
401 387
409 387
399 388
390 388
392 388
393 388
394 388
391 388
408 389
398 390
401 390
406 390
409 390
392 390
393 390
394 390
392 391
393 391
394 391
395 392
403 392
411 392
414 392
398 392
406 392
393 392
394 392
396 393
404 393
412 393
415 393
398 393
406 393
394 393
397 394
405 394
413 394
416 394
398 394
406 394
638 395
639 396
640 397
403 398
406 398
411 398
404 398
412 398
405 398
413 398
401 398
409 398
417 398
422 398
425 398
430 398
423 398
431 398
424 398
432 398
420 398
428 398
401 399
403 399
404 399
405 399
402 399
641 399
642 399
643 399
408 400
406 401
409 401
403 401
404 401
405 401
417 401
420 401
425 401
428 401
403 402
404 402
405 402
411 403
414 403
406 403
404 403
405 403
417 403
422 403
425 403
430 403
412 404
415 404
406 404
405 404
417 404
423 404
425 404
431 404
413 405
416 405
406 405
417 405
424 405
425 405
432 405
411 406
412 406
413 406
409 406
417 406
422 406
425 406
430 406
423 406
431 406
424 406
432 406
420 406
428 406
418 407
409 407
411 407
412 407
413 407
410 407
427 408
417 409
420 409
425 409
428 409
411 409
412 409
413 409
411 410
412 410
413 410
414 411
422 411
430 411
433 411
417 411
425 411
412 411
413 411
415 412
423 412
431 412
434 412
417 412
425 412
413 412
416 413
424 413
432 413
435 413
417 413
425 413
641 414
642 415
643 416
422 417
425 417
430 417
423 417
431 417
424 417
432 417
420 417
428 417
436 417
441 417
444 417
449 417
442 417
450 417
443 417
451 417
439 417
447 417
420 418
422 418
423 418
424 418
421 418
644 418
645 418
646 418
427 419
425 420
428 420
422 420
423 420
424 420
436 420
439 420
444 420
447 420
422 421
423 421
424 421
430 422
433 422
425 422
423 422
424 422
436 422
441 422
444 422
449 422
431 423
434 423
425 423
424 423
436 423
442 423
444 423
450 423
432 424
435 424
425 424
436 424
443 424
444 424
451 424
430 425
431 425
432 425
428 425
436 425
441 425
444 425
449 425
442 425
450 425
443 425
451 425
439 425
447 425
437 426
428 426
430 426
431 426
432 426
429 426
446 427
436 428
439 428
444 428
447 428
430 428
431 428
432 428
430 429
431 429
432 429
433 430
441 430
449 430
452 430
436 430
444 430
431 430
432 430
434 431
442 431
450 431
453 431
436 431
444 431
432 431
435 432
443 432
451 432
454 432
436 432
444 432
644 433
645 434
646 435
441 436
444 436
449 436
442 436
450 436
443 436
451 436
439 436
447 436
455 436
460 436
463 436
468 436
461 436
469 436
462 436
470 436
458 436
466 436
439 437
441 437
442 437
443 437
440 437
647 437
648 437
649 437
446 438
444 439
447 439
441 439
442 439
443 439
455 439
458 439
463 439
466 439
441 440
442 440
443 440
449 441
452 441
444 441
442 441
443 441
455 441
460 441
463 441
468 441
450 442
453 442
444 442
443 442
455 442
461 442
463 442
469 442
451 443
454 443
444 443
455 443
462 443
463 443
470 443
449 444
450 444
451 444
447 444
455 444
460 444
463 444
468 444
461 444
469 444
462 444
470 444
458 444
466 444
456 445
447 445
449 445
450 445
451 445
448 445
465 446
455 447
458 447
463 447
466 447
449 447
450 447
451 447
449 448
450 448
451 448
452 449
460 449
468 449
471 449
455 449
463 449
450 449
451 449
453 450
461 450
469 450
472 450
455 450
463 450
451 450
454 451
462 451
470 451
473 451
455 451
463 451
647 452
648 453
649 454
460 455
463 455
468 455
461 455
469 455
462 455
470 455
458 455
466 455
474 455
479 455
480 455
481 455
477 455
458 456
460 456
461 456
462 456
459 456
650 456
651 456
652 456
465 457
463 458
466 458
460 458
461 458
462 458
474 458
477 458
460 459
461 459
462 459
468 460
471 460
463 460
461 460
462 460
474 460
479 460
469 461
472 461
463 461
462 461
474 461
480 461
470 462
473 462
463 462
474 462
481 462
468 463
469 463
470 463
466 463
474 463
479 463
480 463
481 463
477 463
475 464
466 464
468 464
469 464
470 464
467 464
474 466
477 466
468 466
469 466
470 466
468 467
469 467
470 467
471 468
479 468
482 468
474 468
469 468
470 468
472 469
480 469
483 469
474 469
470 469
473 470
481 470
484 470
474 470
650 471
651 472
652 473
479 474
480 474
481 474
477 474
477 475
479 475
480 475
481 475
478 475
653 475
654 475
655 475
479 477
480 477
481 477
479 478
480 478
481 478
482 479
480 479
481 479
483 480
481 480
484 481
653 482
654 483
655 484
1 485
574 488
579 488
575 489
579 489
576 490
579 490
536 494
541 494
537 495
541 495
538 496
541 496
580 500
581 500
585 500
590 500
580 501
582 501
586 501
590 501
580 502
583 502
587 502
590 502
542 506
543 506
547 506
552 506
542 507
544 507
548 507
552 507
542 508
545 508
549 508
552 508
519 518
520 518
520 519
521 519
524 519
522 519
525 519
523 519
526 519
521 520
524 520
522 520
525 520
523 520
526 520
524 521
525 522
526 523
530 527
528 527
529 527
533 527
531 527
534 527
532 527
535 527
531 528
529 528
530 528
533 528
534 528
532 528
535 528
532 529
530 529
533 529
531 529
534 529
535 529
533 530
534 531
535 532
541 536
537 536
538 536
541 537
538 537
541 538
540 539
541 540
543 542
547 542
552 542
544 542
548 542
545 542
549 542
547 543
552 543
544 543
545 543
548 543
549 543
548 544
552 544
545 544
547 544
549 544
549 545
552 545
547 545
548 545
547 546
548 546
549 546
552 547
548 547
549 547
552 548
549 548
552 549
551 550
552 550
552 551
557 556
558 556
558 557
559 557
562 557
560 557
563 557
561 557
564 557
559 558
562 558
560 558
563 558
561 558
564 558
562 559
563 560
564 561
568 565
566 565
567 565
571 565
569 565
572 565
570 565
573 565
569 566
567 566
568 566
571 566
572 566
570 566
573 566
570 567
568 567
571 567
569 567
572 567
573 567
571 568
572 569
573 570
579 574
575 574
576 574
579 575
576 575
579 576
578 577
579 578
606 578
607 578
610 578
612 578
613 578
606 579
607 579
610 579
612 579
613 579
581 580
585 580
590 580
582 580
586 580
583 580
587 580
585 581
590 581
582 581
583 581
586 581
587 581
586 582
590 582
583 582
585 582
587 582
587 583
590 583
585 583
586 583
585 584
586 584
587 584
590 585
586 585
587 585
590 586
587 586
590 587
611 588
589 588
590 588
606 588
612 588
613 588
607 589
611 589
590 589
606 589
612 589
613 589
606 590
612 590
613 590
594 591
597 591
600 591
595 592
598 592
601 592
596 593
599 593
602 593
597 594
600 594
598 595
601 595
599 596
602 596
598 597
599 597
603 597
604 597
605 597
606 597
599 598
603 598
604 598
605 598
606 598
603 599
604 599
605 599
606 599
601 600
602 600
607 600
602 601
607 601
607 602
604 603
605 603
606 603
605 604
606 604
606 605
608 606
607 606
610 606
612 606
613 606
609 607
612 607
611 607
613 607
610 607
609 608
610 608
610 609
611 610
612 610
613 610
613 611
613 612
