../Graphs/bcsstk01.mtx,4 2
6 2
8 2
10 2
20 2
24 2
26 2
3 2
22 2
27 2
28 2
1 2
12 2
25 2
30 2
14 2
18 2
32 2
9 2
16 2
33 2
34 2
44 2
19 2
43 2
48 2
4 3
5 3
9 3
21 3
23 3
27 3
28 3
1 3
7 3
11 3
29 3
10 3
15 3
17 3
33 3
34 3
22 3
45 3
46 3
13 3
19 3
47 3
26 3
32 3
8 3
8 4
10 4
22 4
27 4
28 4
14 4
16 4
20 4
21 4
45 4
46 4
33 4
26 4
32 4
34 4
12 4
18 4
6 4
24 4
9 4
5 4
23 4
1 5
7 5
11 5
21 5
23 5
29 5
12 5
13 5
31 5
36 5
9 5
15 5
17 5
35 5
22 5
45 5
46 5
19 5
47 5
27 5
28 5
25 5
6 5
30 5
1 6
12 6
20 6
24 6
25 6
30 6
7 6
8 6
14 6
18 6
31 6
36 6
16 6
22 6
44 6
19 6
43 6
48 6
10 6
26 6
29 6
35 6
11 6
13 7
17 7
18 7
19 7
23 7
37 7
42 7
43 7
47 7
48 7
1 7
11 7
12 7
31 7
36 7
25 7
29 7
35 7
30 7
32 7
38 7
21 7
9 7
15 7
8 7
14 7
10 8
12 8
14 8
18 8
32 8
9 8
16 8
33 8
34 8
31 8
36 8
20 8
24 8
26 8
15 8
22 8
38 8
44 8
45 8
46 8
13 8
17 8
37 8
42 8
43 8
47 8
48 8
28 8
27 8
10 9
11 9
15 9
17 9
33 9
34 9
16 9
1 9
35 9
14 9
21 9
39 9
40 9
44 9
45 9
46 9
13 9
18 9
19 9
23 9
41 9
43 9
47 9
48 9
27 9
26 9
28 9
32 9
11 10
15 10
17 10
33 10
34 10
27 10
35 10
39 10
41 10
26 10
28 10
32 10
40 10
12 10
14 10
18 10
16 10
22 10
20 10
44 10
45 10
46 10
24 10
1 11
12 11
13 11
31 11
36 11
15 11
17 11
33 11
34 11
35 11
14 11
16 11
21 11
39 11
40 11
44 11
45 11
46 11
18 11
19 11
23 11
41 11
43 11
47 11
48 11
25 11
29 11
30 11
25 12
29 12
31 12
35 12
36 12
37 12
30 12
32 12
38 12
42 12
1 12
20 12
24 12
13 12
14 12
18 12
15 12
16 12
22 12
44 12
45 12
46 12
17 12
43 12
47 12
48 12
17 13
18 13
19 13
23 13
37 13
42 13
43 13
47 13
48 13
24 13
41 13
15 13
14 13
1 13
31 13
36 13
21 13
32 13
38 13
32 14
36 14
38 14
40 14
42 14
44 14
46 14
15 14
16 14
20 14
45 14
21 14
22 14
39 14
18 14
17 14
24 14
37 14
43 14
47 14
48 14
31 14
16 15
34 15
38 15
39 15
40 15
44 15
46 15
20 15
45 15
21 15
22 15
1 15
17 15
35 15
18 15
33 15
19 15
23 15
41 15
43 15
47 15
48 15
20 16
38 16
40 16
44 16
45 16
46 16
21 16
22 16
39 16
17 16
24 16
18 16
33 16
35 16
41 16
34 16
18 17
19 17
23 17
41 17
43 17
47 17
48 17
24 17
37 17
42 17
1 17
21 17
35 17
33 17
39 17
40 17
44 17
45 17
46 17
34 17
19 18
20 18
24 18
43 18
48 18
31 18
37 18
41 18
42 18
47 18
32 18
36 18
38 18
23 18
22 18
44 18
45 18
46 18
1 19
23 19
24 19
43 19
48 19
25 19
30 19
37 19
42 19
47 19
21 19
20 19
41 19
24 20
43 20
48 20
38 20
40 20
44 20
45 20
46 20
1 20
25 20
30 20
22 20
39 20
21 20
26 20
22 21
23 21
45 21
46 21
47 21
39 21
44 21
38 21
40 21
27 21
28 21
1 21
29 21
23 22
45 22
46 22
39 22
44 22
38 22
40 22
27 22
28 22
24 22
1 23
29 23
45 23
46 23
24 23
43 23
48 23
47 23
37 23
41 23
27 23
28 23
42 23
37 24
41 24
43 24
47 24
48 24
42 24
26 24
1 24
25 24
30 24
44 24
1 25
30 25
29 25
31 25
35 25
36 25
37 25
33 25
39 25
41 25
28 26
32 26
34 26
27 26
36 26
38 26
42 26
33 26
40 26
28 27
32 27
34 27
33 27
35 27
39 27
41 27
32 28
34 28
36 28
38 28
42 28
33 28
40 28
31 29
35 29
1 29
36 29
37 29
33 29
39 29
41 29
30 29
1 30
36 30
31 30
32 30
38 30
42 30
35 30
35 31
37 31
41 31
42 31
43 31
47 31
36 31
1 31
33 31
39 31
32 31
38 31
34 32
36 32
38 32
42 32
33 32
40 32
44 32
46 32
37 32
48 32
34 33
35 33
39 33
41 33
40 33
45 33
37 33
43 33
47 33
36 34
38 34
42 34
35 34
39 34
41 34
40 34
44 34
46 34
39 35
41 35
40 35
45 35
1 35
36 35
37 35
43 35
47 35
38 36
42 36
1 36
40 36
44 36
46 36
37 36
48 36
41 37
43 37
47 37
48 37
42 37
39 37
38 37
44 38
45 38
46 38
42 38
40 38
39 38
48 38
41 39
43 39
47 39
44 39
45 39
46 39
40 39
44 40
46 40
45 40
42 40
41 40
43 41
47 41
48 41
45 41
42 41
43 42
47 42
48 42
44 42
46 42
47 43
48 43
1 43
45 44
46 44
46 45
48 47
1 48

UB :16

New coloring: 15
New coloring: 14
New coloring: 13
New coloring: 12
Coloring :12
48,48,400,DSATUR,0,0.05,15
