0 0 -1
1 0 -1
0 1 -2
1 1 -1
2 1 -1
1 2 -2
2 2 -1
3 2 -1
2 3 -2
3 3 -1
4 3 -1
3 4 -2
4 4 -1
5 4 -1
4 5 -2
5 5 -1
6 5 -1
5 6 -2
6 6 -1
7 6 -1
6 7 -2
7 7 -1
8 7 -1
7 8 -2
8 8 -1
9 8 -1
8 9 -2
9 9 -1
10 9 -1
9 10 -2
10 10 -1
11 10 -1
10 11 -2
11 11 -1
12 11 -1
11 12 -2
12 12 -1
13 12 -1
12 13 -2
13 13 -1
14 13 -1
13 14 -2
14 14 -1
15 14 -1
14 15 -2
15 15 -1
16 15 -1
15 16 -2
16 16 -1
17 16 -1
16 17 -2
17 17 -1
18 17 -1
17 18 -2
18 18 -1
19 18 -1
18 19 -2
19 19 -1
20 19 -1
19 20 -2
20 20 -1
21 20 -1
20 21 -2
21 21 -1
22 21 -1
21 22 -2
22 22 -1
23 22 -1
22 23 -2
23 23 -1
24 23 -1
23 24 -2
24 24 -1
25 24 -1
24 25 -2
25 25 -1
26 25 -1
25 26 -2
26 26 -1
27 26 -1
26 27 -2
27 27 -1
28 27 -1
27 28 -2
28 28 -1
29 28 -1
28 29 -2
29 29 -1
30 29 -1
29 30 -2
30 30 -1
31 30 -1
30 31 -2
31 31 -1
32 31 -1
31 32 -2
32 32 -1
33 32 -1
32 33 -2
33 33 -1
34 33 -1
33 34 -2
34 34 -1
35 34 -1
34 35 -2
35 35 -1
36 35 -1
35 36 -2
36 36 -1
37 36 -1
36 37 -2
37 37 -1
38 37 -1
37 38 -2
38 38 -1
39 38 -1
38 39 -2
39 39 -1
40 39 -1
39 40 -2
40 40 -1
41 40 -1
40 41 -2
41 41 -1
42 41 -1
41 42 -2
42 42 -1
43 42 -1
0 43 3
8 43 3
9 43 3
10 43 3
35 43 3
36 43 3
37 43 3
44 43 2
45 43 3
46 43 3
5 43 3
6 43 3
7 43 3
14 43 3
15 43 3
16 43 3
23 43 3
24 43 3
25 43 3
32 43 3
33 43 3
34 43 3
41 43 3
42 43 1
43 43 2
2 43 3
3 43 3
4 43 3
11 43 3
12 43 3
13 43 3
20 43 3
21 43 3
22 43 3
29 43 3
30 43 3
31 43 3
38 43 3
1 43 3
17 43 3
26 43 3
27 43 3
28 43 3
39 43 3
40 43 3
47 43 3
18 43 3
19 43 3
14 44 -1
15 44 -1
16 44 -1
41 44 -1
23 44 -1
24 44 -1
25 44 -1
42 44 -1
43 44 -3
2 44 -1
3 44 -1
4 44 -1
11 44 -1
12 44 -1
13 44 -1
20 44 -1
21 44 -1
22 44 -1
29 44 -1
30 44 -1
31 44 -1
38 44 -1
39 44 -1
40 44 -1
47 44 -1
5 44 -1
6 44 -1
7 44 -1
32 44 -1
0 44 -1
1 44 -1
8 44 -1
9 44 -1
10 44 -1
17 44 -1
18 44 -1
19 44 -1
26 44 -1
27 44 -1
28 44 -1
35 44 -1
36 44 -1
37 44 -1
44 44 -2
45 44 -2
46 44 -1
33 44 -1
34 44 -1
36 45 -1
37 45 -1
38 45 -1
39 45 -1
40 45 -1
41 45 -1
42 45 -1
43 45 -1
44 45 -3
0 45 -1
1 45 -1
2 45 -1
3 45 -1
4 45 -1
5 45 -1
6 45 -1
7 45 -1
8 45 -1
9 45 -1
10 45 -1
11 45 -1
12 45 -1
45 45 -2
46 45 -2
47 45 -1
13 45 -1
14 45 -1
15 45 -1
16 45 -1
17 45 -1
18 45 -1
19 45 -1
20 45 -1
21 45 -1
22 45 -1
23 45 -1
24 45 -1
25 45 -1
26 45 -1
27 45 -1
28 45 -1
29 45 -1
30 45 -1
31 45 -1
32 45 -1
33 45 -1
34 45 -1
35 45 -1
0 46 0.5
1 46 0.5
2 46 0.5
3 46 0.5
4 46 0.5
5 46 0.5
6 46 0.5
7 46 0.5
8 46 0.5
9 46 0.5
10 46 0.5
11 46 0.5
12 46 0.5
13 46 0.5
14 46 0.5
15 46 0.5
16 46 0.5
17 46 0.5
18 46 0.5
19 46 0.5
20 46 0.5
21 46 0.5
22 46 0.5
23 46 0.5
24 46 0.5
25 46 0.5
26 46 0.5
27 46 0.5
28 46 0.5
29 46 0.5
30 46 0.5
31 46 0.5
32 46 0.5
33 46 0.5
34 46 0.5
35 46 0.5
36 46 0.5
37 46 0.5
38 46 0.5
39 46 0.5
40 46 0.5
41 46 0.5
42 46 0.5
43 46 0.5
44 46 0.5
45 46 -1.5
46 46 -0.500001
47 46 -0.5
0 47 -1
1 47 -1
2 47 -1
3 47 -1
4 47 -1
5 47 -1
6 47 -1
7 47 -1
8 47 -1
9 47 -1
10 47 -1
11 47 -1
12 47 -1
13 47 -1
14 47 -1
15 47 -1
16 47 -1
17 47 -1
18 47 -1
19 47 -1
20 47 -1
21 47 -1
22 47 -1
23 47 -1
24 47 -1
25 47 -1
26 47 -1
27 47 -1
28 47 -1
29 47 -1
30 47 -1
31 47 -1
32 47 -1
33 47 -1
34 47 -1
35 47 -1
36 47 -1
37 47 -1
38 47 -1
39 47 -1
40 47 -1
41 47 -1
42 47 -1
43 47 -1
44 47 -1
45 47 -1
46 47 -3
47 47 -2
